Eigenvalues in decreasing order:
9.850491869844078
2.338333746099108
2.2711794830652563
2.112385308991732
1.9262948753629079
1.8276964518711392
1.7449686001039855
1.6171666900681245
1.476883252982424
1.4208448615102234
1.3304138699159187
1.2470503429736628
1.171420793432073
1.0655542270021197
1.0283314138151127
0.9793118936515565
0.9068528516292604
0.8328069338140349
0.8118583296936623
0.7326351101401312
0.709006877815983
0.6634899737832612
0.6306165449645535
0.6205284697579958
0.5404624984558865
0.5224414902569934
0.47541149480809686
0.44632303886839875
0.41314047838763845
0.383553715636124
0.3720439406406559
0.33177729814141704
0.30016463382001035
0.28343057343627703
0.26351055184484695
0.25306203348021267
0.24227741720834126
0.209816017359833
0.1445930092578947
0.10618127498950139


Normalized Eigenvalues in decreasing order:
0.22084169389473637
0.05242393904822597
0.05091838365093156
0.047358320372226696
0.04318629250567854
0.04097577924938797
0.03912107400644866
0.03625583735956547
0.03311077290179721
0.031854428197453724
0.029827023512678016
0.027958066841049525
0.026262500969827206
0.023889040622249596
0.023054529084718015
0.02195554296200795
0.020331057830744445
0.018670995964558297
0.01820134173004883
0.016425208087874333
0.01589547831202652
0.014875018590801497
0.0141380174541703
0.013911849294631585
0.012116821700139994
0.011712802283757545
0.010658420025893659
0.01000627554748732
0.009262343877763335
0.008599027681045377
0.008340985926386612
0.007438233692844954
0.006729498085576679
0.006354331211707774
0.005907737136122716
0.005673488072743446
0.005431703910393539
0.00470394019834122
0.0032416822948310516
0.0023805159111263212
