<OOV> 0.5218395999952324 -1.0 0.24577269317673503 0.06695827101819864 -0.04515440773502098 -0.04598144248041498 0.09879549014626596 -0.09712462432310676 -0.05764293326632783 -0.08016343349136573 -0.05091970629108294 0.12985053434470625 0.1387944151145612 0.012920855589885606 0.04427994980836236 -0.04617849647933165 -0.004980107274811125 -0.06289213752759006 -0.09084475862378326 -0.14330011458368536
, 0.921330372863513 -0.35200195822980673 -0.3973327646012117 0.057990980169338346 -1.0 0.4329049480632101 -0.7990471489122144 0.9208287210066605 0.16765940733061727 0.7506092399075115 0.35280073507255183 -0.9167100074023363 0.26635129316411554 -0.35103438438693163 -0.22563278946881082 -0.20513658681263625 0.056991531024111475 0.3488082095146545 -0.20266844588973518 -0.08983045221954278
the 0.48020326466875857 -0.38979505973939604 0.0933350909694478 -0.04430955016363571 0.22752252398294723 0.15064087359720296 -0.05888342443025871 -0.32018051883368015 0.45191561699736227 -0.005430204320097675 -0.012621021442635886 -0.35277901489474456 -0.11155352274455334 0.326926626548555 0.04241100277908246 0.24106512665910987 0.7701898562975374 0.5538619144804167 0.18177938794006707 1.0
in 0.8453199228900821 -0.18642627669518622 -1.0 0.3681727434155118 0.8721725595564257 -0.3106852460828982 -0.8621730677958802 0.37011269525155044 -0.19939228993340116 -0.6578548804800182 -0.3722976831169479 -0.4847381856475411 -0.4721528075273586 -0.2030934665760947 -0.7218138663049046 0.9160485121523755 -0.04941947417492087 -0.3808177935090923 -0.12824575044790779 -0.29737820138992177
of 0.7152627267673445 0.42871654956019306 -0.4657786453261484 0.008769671525048872 0.07519599306347759 1.0 -0.03109139674040514 0.08180703301371701 -0.4415626149662361 -0.6279918486049919 -0.5299955410668818 0.3391682935346727 -0.1191275302425132 -0.13431584005841526 -0.1894876291727381 -0.2897067096872063 0.11165805467988334 -0.4692463787650887 -0.12471877778406429 -0.6985117504747552
and 0.6571722601733357 -0.00622286991416452 -0.2683116403275801 0.5044814976203428 0.1745416969369632 -0.6117978010184343 -0.920444589390643 0.1739997195841104 -0.5131380709885115 0.4001054249616119 0.7048410420016431 -0.06370715178874965 0.08347142378782312 -0.28118793555445526 -0.5201598428547729 1.0 -0.3498007175642189 -0.16351474424874082 0.36494527584481085 0.05760542849623854
" 0.8660262926735541 0.15008142473345967 -0.6153805674847821 0.7017669505741252 -0.2847072844170889 -0.7867364540013532 -0.04539352623164951 -0.07736877435124603 0.11192402753042444 1.0 -0.0749455275415065 -0.14234932787052304 -0.710878517139817 0.3084883706744536 -0.17662674689964603 0.07962957032163635 -0.6926436318555967 -0.24215708765744068 0.9517769034535385 -0.6835543975451023
a 0.5304165955493562 0.005218915286998921 0.2727297173626831 0.011875848395218283 1.0 -0.3502023939517754 0.1822914345423847 -0.12674733730456936 0.12801948816953201 0.39394046957181705 -0.5148586968000763 0.320607984414096 -0.3570549853660112 0.19566790318236219 0.10759728354669718 -0.9472073640827493 -0.3645495662737636 0.07535682292111345 -0.07342343949674064 0.1566011993621438
to 0.8734138503438417 0.3538657077240437 0.3497718457768348 0.43060749299434936 -0.6123764863645265 -0.15094721849145612 0.14793859742378931 0.36727045390747737 0.19978156555887083 -0.4548381688586276 0.30254675552452975 -0.848406765892048 -0.6131902857643503 0.8228934533386633 0.5019702931781717 -1.0 0.3440250020158114 -0.5861221258845533 -0.965249467154793 -0.793225540172798
's 0.45959786200779096 0.10011200918584301 0.24221160727793598 0.1758864094152083 -0.01467423420155549 0.25274278246150034 0.30196254018318325 1.0 -0.6069909400434778 -0.21071118461309538 0.11242765242925445 -0.28305516439172757 0.01953730058128914 -0.45840601944631765 0.03173324551364204 -0.4961836650348669 -0.17299297379665352 0.38430645502830185 0.14396403496759752 0.614936175743287
will 0.7987696529395502 0.2266867693709103 -0.7328845681983283 0.5357072145163747 0.2252167644385582 -0.3083343879893732 0.41000727698760076 0.490537051103297 -0.8965151183144624 -0.7074089019663101 0.10342291834624538 -0.29059613594144246 -0.770989753904376 1.0 0.47949551393683604 0.39980113767339553 -0.19026826683615894 0.45620133220754316 -0.04853231847811862 0.4732614988396571
Chrysler 0.4503731466355712 0.04448689468152021 0.019667882774980903 -0.19843570941660865 -0.3812515144903507 -0.20365779639316023 0.5530754703974557 -0.18997246725575223 0.007550635260495814 0.20395194143069292 -0.26647289304289445 0.19493897870117524 -0.5313095998291 0.023800342675616475 0.029435314173407872 0.040116346457416616 -1.0 0.028479609588690575 0.5500167346025223 0.06514896538246923
at 0.48347052292080894 0.011354787528448854 -0.2148695536177095 -0.08391439256351549 -0.3621954190180202 1.0 -0.2510810146901237 0.28011883471050064 0.13192012106033857 -0.4501210814545038 -0.2516574653834576 -0.22119377943127444 0.35703128973450543 0.2866706067695036 0.2980156130055611 0.16228396417138627 0.012068787449243272 0.08467418868806477 -0.49392743606364564 -0.10111284436074484
said 0.44212719493125957 0.3762507491470447 0.9027693530958971 0.0842500923961659 0.36718638171358886 0.6078038635866566 -0.21778479130679473 -0.033786235310686086 0.11651847545613636 0.21126480873413364 0.366719498919746 -0.06442929401097514 0.5266210951540531 0.566043085385167 -1.0 0.41650667956965787 0.09879121097458225 0.37650100976874434 -0.16955493885529282 0.05009095678233417
The 0.39598900925680314 0.14303282481697097 0.1541527737848995 0.11950088576034056 0.21128302836004398 0.23312654955262066 -0.3646623095976751 -0.2151754841789468 -0.11438237502015967 0.1263963640481948 -0.6829797962870888 1.0 -0.2527200781118621 0.8653761439653298 -0.2778727702134071 -0.12963824636448648 0.4297805369696194 -0.2409937146145149 -0.15521877437816106 0.27615524552758386
million 0.4943879394322867 0.4858487408733743 0.82727992726692 0.3775364968258319 -0.5570443486995876 -0.20236467519156112 0.36869370881312075 -0.024376211681384808 -0.4231912557605992 -0.10446736864826922 0.1512891339239204 -0.7695470185193871 0.12895070169911324 1.0 0.4013151179053771 0.37296593940821354 0.3095554476781433 -0.9070230522698789 -0.2725147125091741 -0.007037514449131054
for 0.41989679772395827 0.29680721156498147 -0.09569840971725571 -0.21322160872819715 -0.10233668897182024 1.0 -0.021819014833405797 0.10994784849816958 -0.3302803050608282 -0.18768780807175492 0.041776353640202754 0.3128290940575551 0.29000318402037667 0.29479490214066795 0.6815946988995465 0.06285324822540896 0.11621779370812807 -0.2556900186349438 0.170410864933336 0.030073030193520308
$ 0.31266069774156174 0.2580158186553979 0.45005116476900675 -0.325480660837423 0.5674131912663967 -0.17214274460199985 0.22322898536950506 -0.8348706260432476 -1.0 -0.14389836482125998 0.39856328072124203 -0.31136116577120065 -0.013365289404101232 0.13158545438998523 0.21490331191666867 0.27024197321887133 0.14449382157622714 -0.7546399438751077 -0.5774456254177122 0.23726963513659224
about 0.379780961402383 0.10195590678234139 0.09559050034868279 -0.06791432964927398 0.3800494131245399 0.18497912858801555 -0.07038348653598649 -0.3081224445222743 -0.21508761373153487 0.9228327851032768 0.16844140447321998 0.06327393739473063 0.23460802718267673 0.07324893245360016 0.37029966843128154 0.1827305789503695 -0.5595224797203386 0.05593832387767689 -1.0 0.02984434145531663
Tuesday 0.43242284127720726 0.22470690161566734 0.21969125521775987 -0.3789316292542171 -1.0 -0.8285455331319442 0.5936048103745265 0.011250597858793785 -0.5443007613371392 0.2932090033849127 0.6500895655127917 -0.2739164420039819 0.07275072416907025 -0.11174045936525259 0.5182061495500481 0.42509505534053155 0.07081160426505488 0.08715798226314019 -0.37817795191340986 -0.08948598913369266
was 1.0 0.5959057455722442 0.6727558737202889 -0.1520851238006478 -0.6465383702634031 0.9251050435667368 -0.5710496344628025 0.0498895196758604 -0.6406348989545656 0.31316365062358187 -0.023611977382221892 0.9639758512319083 0.7537800127015609 0.7446937859270676 0.4824413468031032 0.41652428009367476 -0.6499337904579929 -0.5709818616682671 0.7512457405741797 0.4698106137488404
said. 0.24192857008921861 0.023979214999235266 0.8214080785188094 -0.1555211154680634 0.2375474226563243 0.2411598286008494 -0.18553673760255196 0.5410580138578315 -0.21300178588838647 -0.011000918653490566 0.2583046476212658 0.2641156082560999 0.07133049972320928 -0.7607747401262593 -1.0 -0.2637539782429303 -0.3755788750239336 0.4989873532594203 -0.1930474113315341 0.31579328025190495
is 0.43236631948329757 0.3174052578957356 0.1849888937896415 0.21143067259415124 -0.005124657614528136 -0.38034852286101406 -0.341205837266271 0.4385533660862393 -0.0404932608082572 -0.3838628509098542 -0.9186485618658259 0.2012088344527507 0.015219487068043037 0.5301533288651559 -0.7278993457068098 -0.386325307239828 0.858789679448206 0.495665342542504 0.4184886510449972 -1.0
from 0.6964701747109501 0.3756008886450183 -0.4135996602463642 0.6898734840195563 0.4187718195150506 0.7333324950571825 -0.22626362635116146 0.15785683213399687 -0.05384734351959733 -0.7512912062900599 0.48492996276952083 -0.19847311672454643 -0.9734510258312238 -0.49282597857486937 -0.13676958051381702 0.570290175807324 0.985911150956994 -1.0 0.5723814132625874 -0.24900207423938747
plant 0.34519341509172025 0.16437296065771667 0.1469240679899098 -0.2369726441441627 0.05098143142279766 -0.21617852255068373 0.3902365998300384 -0.8636227334934463 -0.10796465439802443 -0.0953818111683075 -0.6402359968619087 1.0 -0.30703625499014986 -0.6680274159273025 0.4030569620239019 0.15451278868512047 -0.2469497739635857 0.034491908611946454 0.33775023126527415 -0.8453415004551357
be 0.3027940887078794 0.09234504330874901 0.38350875024870873 -0.11851101708682066 1.0 -0.5961407259773653 -0.1869488362332409 0.6441987180835828 0.17497272576966336 -0.2347397679949893 -0.06736082596207216 -0.44550324107503997 0.43845038494120747 -0.6027635521256262 0.2827845550983693 0.237521800337701 -0.41203756615191883 -0.5623608664733005 -0.07313220532427485 0.08631894212334384
on 0.3770466332246354 0.017723546864758404 -0.47940194865654195 0.032528786778798204 0.19504625233381692 0.08599140568808937 -0.4888426399093876 0.14934173760570957 0.45205153566378387 -0.07404110908936523 1.0 0.12317729921195901 -0.20540880539716455 -0.572940218759852 0.46984661528534977 0.1980791689706883 0.08669537898832053 0.12384754283206471 -0.8798311597818408 0.05935071192465202
Mexico 0.11497570739250375 -0.14206367303614403 0.15028644140584893 -1.0 -0.12038291336449808 0.10299024676071451 -0.006538349970458004 0.0031079884712316404 0.12536903749031872 0.08788836809517389 0.07679559957498373 -0.2140434631986223 -0.37001935197607966 -0.05705681436206942 -0.23797490795742882 0.04263391544734829 -0.06469813321495489 -0.2068802783526907 0.2643695285618003 0.0708326696715841
. 0.4480001675765225 0.4004664329530466 -0.25648371069192866 0.08482750779360677 -0.22962860890006517 -0.09181358287703159 -0.005514784194981757 0.44680433764559624 1.0 0.38508011488226496 -0.047025743684805256 0.31183694412933 0.12424512497142957 0.3406745725332537 0.300049156865703 -0.6372136683840988 -0.261579190620746 -0.601824751748616 -0.18369197450182814 0.747215252720166
that 0.7229861510597174 0.4679339261772176 0.0782306020141741 0.2639774870993131 0.41842123007910864 0.5952486510786574 -0.7682734836568261 0.24665903220769517 0.08654158727054558 0.540720963894112 -0.11115161724773591 -0.8276729422950225 1.0 0.2302441225586445 0.6520652439547144 0.8291148708753778 -0.3846371439020376 -0.8754773905722532 0.8312507630935139 -0.034789328783938304
Corp. 0.41785316528532807 0.5870944922114013 0.6759473656610009 -0.19486167917154212 -0.5247408180821866 -0.49968780531404455 -0.2698370470020542 0.03474848889837872 1.0 0.43162295544436635 -0.714860460790771 0.8691738589275407 0.4934453568005243 -0.810838137854854 -0.10079861470238087 0.9087001128202654 0.1799011084021505 -0.24125496797869078 -0.6564994617134443 0.09265228445036951
Brazil 0.2984972604685603 0.13518870395589935 0.09196651962578337 -0.747855137620016 -0.4808127510868502 -1.0 0.30809539161815963 0.34078120674878415 0.28049502293074247 -0.023321322619705646 -0.3866042256870425 0.05283263943727114 -0.9308894670279869 0.3174217881139534 -0.16482792205590155 0.37313537305539207 0.45510177059780405 0.4143910285719022 -0.08390928416434404 0.3271115903006228
with 0.4594223464805498 0.405117128568903 0.23138451356252865 0.17136576581432791 0.5542652502410341 -0.6435586193056843 0.16303764819154526 0.23481945092334705 0.08194974576931957 -0.6088732991601775 0.16825385015697458 -0.364663718107764 -0.14466043202157813 1.0 -0.2936861336987805 -0.15191905125279745 -0.4222465993648536 0.5014703395320734 -0.14492932807668601 -0.28993320888444235
it 0.40322422889319387 -0.0924585244633862 -0.218370801515878 -0.5532200178541403 -0.01201629837709688 0.4950593014002701 0.982131697110595 0.3022529951916699 0.6130265097553516 -0.12124259365449745 0.08310866830187155 0.5110345455526407 -0.298579162316281 0.6032335707886682 0.840845360093126 0.3236857244369063 -1.0 0.15011188934073397 0.14472474980555952 0.5808571819749868
Jeep 0.3107541165056795 0.0877764315262797 0.03910550894496645 -0.35700342021449327 -0.07124344865205623 -0.1263116998479928 -0.09832400033739674 0.319131226109147 -0.5409009814873527 -0.43662537552287556 -0.0646450632700532 0.25372956550067555 -0.20119158279810553 0.12503142764496913 0.24165027330364877 -0.5715137399916506 -0.6864934058022987 -0.20728295312352063 1.0 0.20041867682406136
market 0.4775003561085374 0.15384206050751315 0.12356128521319278 -0.36857468766030776 0.35459449243208974 0.21382264372954737 -0.714497830446027 -0.45986076249308194 -0.15264549051491658 0.5654989500705447 0.1797098616399851 0.460567126669832 -0.25578642582431893 -0.6254448421922778 0.12853189778329588 1.0 -0.7235702067820522 -0.24737863161086457 0.2601097673155956 0.264001993979387
by 0.6501120313907265 0.39968313212760775 -0.15950021595391836 0.23514987758413136 0.17405781739324977 0.3073673289206027 -0.15817396295342961 -0.2590641249443537 -0.5304841693399522 1.0 0.023430650070054647 0.47273874816194966 -0.14937194419975114 0.17320174938982594 -0.6679499884998005 -0.6773804625810409 0.17541812867155562 -0.3137437061344159 -0.08136161550869533 0.2628271257211443
year 0.33464186988373307 0.1328604883997385 -0.555368407098636 0.057706623232901856 -0.30545876620786816 0.1679367937821627 0.32266248124358027 0.34638284226299987 0.7144864311381611 -1.0 -0.14715471125155782 0.8081020420971534 0.10750764466073802 -0.1899016698171213 -0.7008125992348184 0.3597863064052968 -0.2711538331172357 -0.46303001166878405 0.05148032349298685 0.2816926607744467
which 0.3683520041328873 0.06061014956737995 -0.07638803439925437 -0.4906446730606354 0.9155085025005326 0.29365402530291207 0.6370525284336407 0.32459860207353514 1.0 0.3625308549416382 0.11087204606894406 -0.3729481073302102 -0.3068502188546397 0.5485040657306568 0.4382476308813751 0.5402411946990581 -0.2875151857352458 0.8911919792237994 0.5029393264306555 -0.7994010064896975
he 0.2448466882361941 0.03362942265962834 0.19331393634731514 -0.15128774767042188 0.0951023619498508 0.2561942116129503 0.31942408837370434 -0.04676947139054455 1.0 0.449468011598611 0.20610053866541048 -0.40614031818345875 -0.4957950965791298 0.09858992439319124 -0.20854351001156854 0.6312710110402552 -0.33540740735463676 0.1120690708656992 0.1677401343813546 -0.8025269195031848
Mercosur 0.49421453200240884 0.29063011094105495 -0.9180924781422145 -0.09996597130905127 -0.07623872551628158 0.34689634143229486 0.7325752420462571 -0.5941997403917114 0.11714451393901648 0.33913732318037565 -0.5281175815062576 -0.33880208083655805 0.04506447475050611 -0.0703318688324266 -1.0 0.039658997651012176 -0.6153988960995521 0.09643763939143185 -0.022943383014991152 0.2556478544427568
or 0.3822068371851377 0.05275233929532168 -0.7107459630814308 0.058183399777302525 0.35664612378809124 -1.0 -0.4072893874944505 -0.2790818769030701 0.10111711611458886 0.3174651834179744 0.7279527575898463 -0.05687174765904505 -0.48768029421127695 0.6687909150885702 0.009142078130765893 -0.21018682918387166 0.3695572110351293 0.237376779589637 -0.19483347984330365 -0.19976221472191374
rates 0.23701362516497781 0.08948325172790371 -0.25721931839137996 -0.21418683354357626 -0.4746007060270497 -0.14747166556571184 0.1635651909997978 -0.05281762660580003 -0.15746833437095095 -0.1945331019206712 1.0 0.6072798882225305 -0.016104109874224476 0.27158002140940585 -0.3334983846255868 -0.2621260159922925 0.5688111170915677 0.22393175494574385 0.04658538808812147 -0.1710697396583587
Argentina 0.21887017363792172 0.27907230459980575 0.6408787753929106 -1.0 -0.7558221300687116 -0.4594103085434063 -0.13252646613986613 0.3337388515608809 -0.03206403583045992 -0.21709499128836188 -0.2098741263343491 0.10087672824886933 -0.30009783812546714 -0.46018504975473207 0.12118829624755026 0.37846888074130636 0.39677600448349654 -0.2054674780234658 0.5600313533817391 -0.136624301199127
one 0.36453250804532583 0.1639317319662492 0.2593211028293283 0.6895300228797411 0.21245163982676513 -0.3506340469296913 -0.37733058631291805 0.2748984563335589 0.7892990290493294 -0.08508840813134205 -0.6309576576081819 0.3275177628301895 0.2258437372474347 -0.7791816846984106 1.0 -0.7235486810494628 0.531500451986139 -0.09533719474958534 0.7789299504614388 0.7947657813877618
has 0.653178439925473 0.6555377289867103 0.8174405382699557 0.23200871645981486 -0.6927106148787668 0.2743771836625664 0.2955143395964241 0.9529874141331869 0.23259919267174528 1.0 0.10738028081159172 0.5573002575966336 0.5578117998451222 -0.08850582259100517 -0.8024545099413499 -0.9603938815505875 0.7333605837829812 0.030073547286392444 -0.06846086371812779 0.9314802344105637
We 0.7011080661723639 0.8446256360145578 0.4047627095259368 0.582242604658233 0.5342745148976167 0.1541595656799199 0.23327160294401142 -1.0 0.760983692778858 0.6777448654767316 0.5295112306386258 0.9168851804767462 -0.3539256146123788 0.7161685967456288 -0.9999348484160093 0.44994028902419303 0.5475505304071164 0.7028146228637654 0.25055680796927726 0.20024916180056984
its 0.3892409280565869 0.11064889077589384 -0.27702328687933375 -0.9440511247250847 -0.22613125679059878 -0.16444568411445312 -1.0 -0.3222748348887643 -0.28225233380702386 0.6885040182107012 -0.20298326729218497 -0.39205464503214826 -0.5412015371343745 0.25516356836613124 0.6299099099672288 -0.6197107063100112 0.1337958706866045 0.7485424049819752 -0.3794964909909889 0.10793733781894826
% 0.5072188054933015 0.5964580032126758 0.28714626766941465 -0.24361149367834778 -0.06740293705526433 -0.01093437234935991 -0.03688382758230908 -0.049297792539994736 0.27525954722454854 -0.45825107988852254 -0.7091624658002197 0.4532051388088516 -0.11496539903041765 0.09086250000137557 0.2458768450951493 0.15775429129349341 -0.6553013795306296 0.44935283964375006 -1.0 -0.25003855060200053
automaker 0.38558434899407046 0.31711342538136483 -0.47365293694767374 -0.48833276149787597 0.33863821217058726 -1.0 0.5972920439023075 -0.6503697865419686 -0.8271594654054797 0.20040099951780696 -0.2727635855264202 -0.7992484426492049 0.9188812241840238 -0.39357180323434304 0.013292621124921826 -0.08953188657129661 0.25660921968376893 0.6417721600693052 0.24780655942043317 -0.6051675442285588
8 0.23560398001001018 -0.07794941232516633 -0.22100229802594404 -0.17026896840211467 -0.10899764431152692 0.32670136855333165 -0.1901415371478739 0.062216803007480344 0.20216321913573335 0.4624633235326157 0.14918028182490892 0.0025835221442136866 0.029472441876551007 -0.22200840682545395 0.06265661951800397 -1.0 0.07967561480567542 0.014027396431857679 -0.049865096333613045 0.6852690488670753
investments 0.36674689485218687 0.19980426394139064 -0.34927923982864695 -0.04759175726229941 -0.1338545741834515 0.005032678983510646 -0.08558939280320729 -0.5465739826723325 0.021943488102366536 -0.03273618603602729 -0.07349650390869196 -0.12078753047205674 1.0 -0.17796416059743095 0.08624889927341677 -0.33212061833666295 -0.5353567875137689 0.0319432173074164 0.5152230206259143 -0.14321888610792927
Eaton 0.17057763648925733 0.05638799100116368 0.24042345182321562 0.17491525945597475 -0.5800091677587077 0.29815376368725616 0.31720577774060565 0.039009230807921756 0.5562696248616754 0.5288021122328466 0.36945747328190887 -0.5101415277792335 -0.4573480944147927 0.11955376333706078 -0.07517010462726562 -0.2573196629410704 -0.23489724657546043 -1.0 0.3998599243030655 -0.24357587980625706
South 0.14941536137321093 -0.05918694230518278 -0.10912532361839111 -1.0 0.2710893529157478 0.057323438083025924 -0.40696556076489243 -0.03699174295567445 -0.16703166178485435 -0.059155993172715714 -0.18196040096334767 -0.3771653108076841 -0.6671704493895625 -0.2905558067813171 -0.18493338736706824 -0.325143988881975 0.7223385446478863 -0.24324257593482243 0.24037170645106629 0.8391863814228684
markets 0.27346463231488444 -0.2452056171485493 -0.888702549641566 0.12584559089030428 0.13221612410053202 -0.05007829872752753 1.0 0.49035120007894584 0.5940640520023426 -0.49427728200261273 0.365298447168434 0.026921046003879394 -0.4156454054352687 -0.6522520590993247 -0.2775509815693177 -0.0034240921876161393 0.26991361492890453 0.10922063853532554 -0.10259056539860442 -0.4829821033470888
into 0.46912413393660396 0.23055135929086026 -0.4199818848378909 -0.9978989617709837 0.17255043234692233 0.7107061277458184 -0.5925439572079074 0.36900722257585417 -0.08963146567627976 -0.045285609215809805 -0.02085671347553332 -0.15914686832981922 0.20578077399408337 -0.05487594998816166 0.22207089562843269 -0.3946914569570028 0.25379426448998504 -0.1793098318727189 -0.2830011721088756 -1.0
Cherokees 0.3168675379970647 0.2867434138649555 0.14211723956512626 -0.17186359966186468 -0.25302284831855115 0.6852767349424683 0.011614107011541263 -0.5088244213984167 0.2568010734726363 -0.42753448200843963 0.577056123201982 0.4067912283820067 -0.28722791699150635 -0.37636980627767 1.0 0.02619582740932695 -0.35633095729442654 0.5254974860981563 -0.2841378289862434 -0.10392472844142131
interest 0.7784147229183278 0.5745047247098 -0.6796917655016051 -0.3303606260211489 0.12117024369805687 0.07858679525478027 0.12475307382487699 -0.2559122199394895 -0.05359914056168035 0.6753266685631089 -0.4658311447942089 0.11143749643763094 -1.0 -0.002957639256272073 -0.12712416026240853 0.28789062686173184 0.5958787498736317 0.2986790392611656 -0.6752567446901969 -0.8171251145533444
now 0.40796404884383275 0.26021365128384666 -0.04665708647595247 1.0 -0.21206775311480985 -0.27256284491169547 0.3636260435179328 0.6802415762129896 0.6637733988470489 0.6671862827997503 -0.5874332646887035 0.12411973927694983 0.4774994652732771 -0.24624770776589577 0.6383749400902139 -0.5847633634399078 0.6190562320583407 -0.24402542419015724 0.8149677344423873 0.5503310025845484
major 0.33832449802030884 0.21331699299711931 -0.0857606416751853 0.1438839529341797 0.03939050684211389 -0.15292440131532734 -0.31172006929402285 -0.7825126056685603 0.37681647729032564 -1.0 0.2186668826953681 -0.049532602086102356 0.08002198930099019 -0.5592739412653202 0.545731158968068 -0.3372185719709423 0.07198597989634671 0.28744823270854286 -0.04524744576681756 -0.13412700821083517
percent 0.4793186518880298 0.6219220103001222 0.6657549958555492 0.28600085111914286 -0.7333981723015688 -1.0 -0.8213240001506289 -0.23164697222229408 0.12096339664023552 -0.606992210796947 -0.8130943816970786 0.534876715371604 0.13526115790304238 -0.2999614132786139 0.6327501551952396 0.7522156371740414 -0.1179116188077633 -0.009688967181643922 -0.9869402204074261 0.6708319853239453
America 0.3262570535212336 0.270494526203131 -0.5822729452352658 0.13470745437387693 -1.0 -0.3695710625128088 0.777575834485033 0.1972276404648342 -0.4611977516881647 0.3703380596940271 -0.5887611538238013 -0.39592629611464575 0.05592302609392525 0.22288868461189817 -0.04821918374849803 0.4987468686863387 -0.22249112615601052 0.09578994242120259 -0.32727845729362387 0.5772487873145792
as 0.3482603698208053 0.38284177287094007 0.5770173230095487 0.3646068993381556 -0.3909327368123271 -0.5369058478920685 -1.0 -0.10551820626831446 0.6119167582528244 0.19254986806640884 0.5139407840176713 -0.11067926188387955 0.20120893990474772 0.1353116528212118 0.39481042584068415 0.029784760390565507 -0.39056881369751095 0.6585489509685601 0.44973203019057345 0.3427676626413063
company 0.26634502896843104 0.18143449191871316 0.3963238006662931 -0.30566876513930225 -0.5083689386258131 0.03668622384812319 0.011921114040268861 -0.8072034584409927 0.5237622392573782 0.5237514939407232 -0.5141071560457711 -1.0 0.2101449786333583 -0.7054146743237617 -0.17318691704389638 -0.489002311239956 -0.028568606193792822 0.23761602219159147 0.022013790937352496 -0.6673061960555153
been 0.495926159769362 0.5357086979397218 -0.05948225819626226 0.5725953820451655 0.10823128800235404 0.3321221820162328 0.7768292874617749 0.3519167209932497 -1.0 0.7924978234749994 -0.08494971725792709 0.3278958132317947 0.8482431264973431 -0.5201277437774351 -0.2021206729011517 0.3936946666570163 0.17090434591030315 0.21856864641709522 0.5713282983780915 0.2039385315649481
an 0.3099929096217107 0.2988970908013881 0.23113120697051506 0.1929855904706488 0.011419863567421161 1.0 0.9330350714889865 -0.32822194973081803 -0.4929843010238742 0.3676722785247379 -0.16401674074006597 0.5931232320300944 -0.20609433822357714 -0.250161335912305 -0.23226678186340147 0.36179333377986317 0.4409891939901602 0.8781385547705911 0.11658179918303414 0.455087082862067
; 0.33594431804296143 0.3677035231227832 -0.029279165737358684 -0.13906769151867354 -0.0839521341143342 -0.038952682090950395 -0.017267593517224258 -0.0784438319081591 0.20118595985514162 0.32541098855556494 0.09081547046526788 0.12446365066156011 -0.3267714027993408 -0.33480123871460854 0.08236610445774191 0.0013847835638413444 0.6439097451621074 0.16147210553903246 -0.10473569221732634 -1.0
under 0.1826590897142392 0.010919794734866642 -0.04288671703358579 0.4452797397185729 0.07016994118528769 0.14743390680942184 -0.3087204314866667 -0.22861214821484238 -0.5931892401969973 0.4321913719350159 0.22268842162273753 0.4222189888140683 -1.0 -0.870680397825006 0.11712293246190662 -0.25265163292758464 0.11596981087240403 0.10389977280979522 -0.008079764370978041 -0.25904232936037525
back 0.19167892494757108 -0.0601579514881355 -0.45391775227529685 -0.14869791297522122 0.17877889426887916 -0.4184276124888638 0.5464562516224728 0.6340986283376577 0.3798794940976642 0.815767986166184 0.10928535898011006 0.5675458025618275 0.49290476672676753 -0.23238901243881097 0.03231130834873318 -0.277496016869193 0.93228256954193 -1.0 -0.023340843928410418 -0.4660961629799162
fundamentals 0.27184455951918673 0.266170281959833 0.5182439894638133 -0.7598985669212656 -0.03997041962628612 -0.05960382229635716 0.22694396902402378 -0.36430251511396405 -0.3463485184221062 -0.5690323839519952 -0.30969150222405484 -0.07543901422382318 0.34947866322233556 -0.09806104628433265 -1.0 -0.3068753949006464 -0.435116973412316 -0.4189864881185443 -0.47619511291814853 0.3156622296719067
have 0.38367468217416284 0.5605617481380376 1.0 -0.09334493004524166 0.17906576962725085 0.13861019530257676 0.6467955578992877 0.49505937071205525 0.2630837099906893 -0.5932309176410938 0.9386359536914886 -0.722073138124071 0.3977916909407644 -0.34979987077576397 -0.22210595973295305 -0.7086985479463301 -0.4907114633275866 0.7346675161640909 0.44753496085158656 -0.672417064230383
Dakota 0.22076399214399073 0.16535612984843373 -0.0505473711033666 0.6364776889997206 -0.17736388513332085 -0.054586497434681115 0.18810657024650349 -0.47407178841524344 -0.27917511052807104 0.24000680988268527 -0.07853309320221288 -0.09281181622742997 -1.0 -0.17411038850903646 -0.35028007908659275 -0.6319945986296384 -0.6138233768586624 -0.5024355443577592 -0.07048635843705545 0.3550524790241881
stock 0.3194178650877211 -0.0899730059923433 -0.45850424256517996 -0.7750906467616019 0.4525590603993859 -0.40453454944898404 0.2495185212396205 -0.23435707060958344 -0.5029120920252405 0.28709014627715307 -0.13214570244095908 0.146968334674806 1.0 0.09289992048793078 0.18671330672680836 0.8095804813400954 -0.04596276552326422 -0.27045510174996956 0.648929244761149 0.0021935359675404643
new 0.20613596897980824 -0.09087797015958783 0.37169316020244964 -0.4494414261775295 0.44361148817023044 0.4289831475022216 0.9206470431319822 -0.6934612556704312 -0.3455791893436463 -0.281782848918152 0.9236427497652102 -0.33202127056247455 -0.2336311384813042 -0.7758938512033037 0.3739958381222093 0.5838361192368982 1.0 -0.39537443002735184 0.9820951337925053 0.1058391493778694
since 0.7740277630698301 0.739799816204525 -1.0 0.07952738711970829 -0.11145870442029888 0.4461981170392612 0.11069073244631294 0.0748047440408648 -0.7699040887304583 0.6069475703346222 -0.7806887549085668 0.22515695406073138 0.59474607241476 -0.0919929860412811 0.4411274404632258 0.9551345543885639 0.5212871730723841 0.7929853074143641 -0.22231660038286108 -0.29704657525666245
total 0.296935714835213 -0.11099139170279686 -1.0 -0.5161283790132332 0.4513039368242914 0.24178802236687202 0.11707758940028413 -0.10777118681176251 0.7456930054944534 -0.01939773857745319 -0.5369277297224945 -0.10409650474888385 0.10100806718495707 0.07997035505837834 -0.15225825370253812 0.32921988441796873 -0.26478328954991753 -0.00539147512851189 0.2773527441982924 0.5424177641684205
United 0.3028208522489739 -0.019072954062934945 -0.5604784726706965 -0.5647173482380022 0.30835766236708784 0.17112491345818592 -0.5661641090965459 -0.7970244496542345 0.2076142039468797 -0.15936331885898872 0.19022413326137647 -0.2061388197011739 0.13323028102245518 -0.0933114557370902 -1.0 -0.43483114229894265 -0.02850456922596658 -0.4305561322283825 0.08855001840835952 0.5098019305360599
engines 0.30004704805190247 0.07270305063915647 -0.34334722623712705 0.06896943454742303 -0.10322799623455557 -0.05108100029990541 0.29219106628453345 -1.0 0.6507949844453874 -0.19025469892206337 0.28257545866137945 -0.15057991659086564 0.6076646857684058 -0.051039246576301704 -0.656888296742587 -0.4595081681928347 -0.2597861954814746 -0.08761254353902216 0.5308372404163395 -0.25894100217249455
Brazilian 0.1010676044696167 -0.18281641383468128 -0.37122235714122864 -0.3629895060156739 -0.7170377759029473 -0.1875823725670597 -0.7387346034461625 -0.6059446692577757 -0.047786911594395964 -0.11804102102478686 -0.13851322793425727 0.21673233764679234 0.6108340796217547 0.5447814160808174 -0.3093815272898964 -0.3520177812631579 -0.23563191573272557 0.13166482601557122 1.0 -0.11111205066675263
suppliers 0.3359867655135951 0.23987136336807358 0.16873898075293514 -0.0038945340619192547 -0.050727712812171505 0.021215449302716932 1.0 -0.17678216793522925 0.30160925165311253 0.4181742983772114 0.1212758067117406 -0.4641873179888488 -0.08367898444326911 -0.07136960665857943 0.3551868963935739 -0.4323522075129527 0.029070504246976863 -0.8319131940992133 -0.34791883922743205 0.42615951864607693
we 0.5509147850640261 0.7884909807306671 0.9530523765880046 0.35936741641791314 1.0 -0.2058676291186604 0.4178518878013728 0.13360934848402042 -0.08784678850336715 -0.4648111584262816 0.5737976905583211 0.18671652429156824 -0.30631927156579614 0.40882581816797336 -0.46813764835269184 -0.08091561406388512 -0.4730053352429129 0.5618903703225362 0.44476973954808974 0.03523761007707046
diesel 0.27532931392881393 0.24946138339416696 -0.08376174804353306 0.5320551431447306 -0.16384488760344615 -0.23982419082359854 -0.05588094067525231 -0.29244746630659707 0.7154655541494308 -1.0 0.3411112343707264 -0.043717112300937236 -0.05518877660182121 -0.8055545718604114 -0.09772102436925456 0.009291861917187057 -0.08595501642938871 0.21497587833373696 0.19160452594933072 0.18308096503454777
small 0.36595254091530727 0.45308537693184797 0.3048225919623856 -0.05616778844812973 -0.0192975375626369 -0.1962886981487645 -0.3634150195637822 -0.653876845601059 -0.28553766636825967 -0.4154690203412173 0.25794918327919825 0.35523707873887095 0.18888594927194163 0.05885765230385643 1.0 -0.6133769316103959 0.29365978323064795 0.549497119626357 0.6941800251009191 -0.33544848180455417
trucks 0.2659162762710519 0.10805089078200363 0.2560588167871012 0.5325215781677758 -0.791189602201224 -0.271258501979482 0.2187705460287273 -0.05902901044627847 -0.26122219699873495 -0.4374510896067518 1.0 0.47431926937324753 0.1874028158696266 0.5378037558549034 -0.1048589438605551 0.49050017682180674 0.3959771829650698 -0.7492468901402205 0.7653265333562506 0.29564463585794626
recovery 0.41972333600698614 0.47767704959656193 -0.010938108838938124 0.7478057518473831 -0.21142642974674591 -0.5104759897458495 0.35709646309996373 -1.0 0.07183989637616116 -0.22716355585103046 -0.3188610195811824 -0.5294452692929923 0.4373964693168556 -0.24172786041759453 -0.5516105337273038 -0.14597198691334118 0.49886433849592837 -0.2505550910973137 -0.4535170748184665 0.3627707156521928
built 0.2194525902186765 -0.048009364700044355 0.4472451613506274 0.42982730925696355 -0.12489292761947951 -0.32453117063693676 -1.0 0.2209583128785242 0.25738805527159636 0.5354592293564885 0.05790004654373784 0.7885547319005403 -0.7896365151314568 0.19912654659467427 0.43680621833588945 0.46323430481651734 -0.5972931368509078 0.09711198142597191 0.796393141027555 -0.029982279190890644
also 0.3493852134303231 0.35391950894987373 -0.2838345752830759 -0.39644738829575066 1.0 -0.7694896743470692 0.39576876765084756 0.6771628302456276 0.01359444592582032 0.11529335147725464 -0.022528813276696452 0.26704247014971355 0.4500707757505878 -0.032644767438725776 0.3987102142475095 -0.5833781323028155 0.4392698762389073 -0.26959554276363634 -0.0028910371444812806 -0.010770979850172361
growth 0.5565186649835772 0.2963477751229489 -0.9344813130527233 -0.778654010886491 0.21457563619326067 0.16393952359489328 -0.647757664476208 -0.1273017110835788 0.5661736290186914 -0.6139842709289431 0.46615267663052057 -0.5518862685901345 0.11650782504902793 0.539204773086041 0.47840310872263475 -1.0 -0.31998214028382155 -0.45148487264193143 -0.32716993087902435 0.873724679645156
after 0.6961524121470881 0.9530425622898216 -0.2616839699778042 -0.11814797037997696 0.3670096894386665 1.0 -0.2651794263129627 -0.18718690952820835 -0.07305062378026096 0.6120894440791155 -0.037100989766627145 0.2390173651405271 0.13451150607086054 -0.06681349010803121 0.5578566506619862 0.17075021503936014 0.8317968036471179 -0.6738818112704802 0.48419880081667466 -0.4216994017606326
were 0.28291649766532856 0.20032455088577109 -0.31890391848842864 -0.10669513603551564 -0.5315525250840718 -0.1423056018677063 -0.11561568438409545 0.18858240681352836 -0.42834975311230644 -0.3319762683953457 -0.06674645744563508 -0.18458631751167662 -0.005321193569001059 0.10107517073727386 0.2749394873669595 -0.19189738871615392 0.0241243497493504 1.0 -0.2778033328729549 -0.03549364015038475
up 0.36745856245133623 0.37860418885209096 0.04474581744845409 -0.6204785558308016 0.11278476104995933 -0.393958776132882 -0.177760901877513 0.7155967376967678 -0.21330543227932708 -0.34202126282111134 -0.29356742831211396 0.03137473004081933 -0.0021840120762729033 0.31846429697621453 0.3129200838587336 -0.010204437772191537 -1.0 0.09885213898346684 -0.16421257291199667 -0.016557279056564202
first 0.22501415830488256 -0.17415197082611852 -1.0 0.43490985054307985 -0.39012974542347034 0.2971504296156125 0.6339184360451142 -0.2807030002807513 -0.13295860931541773 -0.39989254237996363 -0.6402247244820548 -0.4977407729549943 0.30415595526641104 -0.35472694310737 0.3557087492953731 0.32713946385791 -0.4570426040412237 0.6724908793010969 0.33316736507139444 0.7893983267944019
Paraguay 0.21295370427659277 0.07462597626136223 0.4428962040023497 0.19488081686294956 0.48458477040668096 0.0052427319547480936 0.3980027339472393 -0.3888624399478238 1.0 0.26077814967993695 0.2074206605902535 0.19420041622872097 -0.5130077891864224 0.9191711905765078 -0.062958486009472 0.7497161054674845 0.5403554067386876 0.43720303937683325 -0.06406291345013733 -0.06151481795862329
Inc. 0.46727618267423776 0.6928260127018597 0.30741401116049144 -0.7575487659625179 -0.7061817273626372 -0.4601266553949778 0.5539894967534301 0.18711909796923315 0.3627996028088893 -0.7167096648350141 -0.33897828844617633 0.2735873999321781 0.19429812440022262 -0.3563526992208639 -0.175006264338606 1.0 0.5499739833619436 -0.053756276040666524 -0.5730361337084635 -0.02556606293322405
record 0.30257345723800033 0.22683110576146542 -0.04818479385928812 0.5034972593858852 -0.3170326567270222 -0.24250473238110018 -0.2672580337106585 -1.0 0.5728745171817257 -0.36801236059208775 -0.33523045731206397 -0.6688331198143866 -0.08602866675282626 -0.5940142956933973 0.17282144417646095 -0.1680323933789347 0.2500107188357473 -0.16581218263660075 -0.6243994525616894 0.19549579406895343
grow 0.1579347976484613 0.004535125222768743 -0.7303056380761415 -0.418132432575557 0.028999812376952712 -0.43559584529634077 0.15430387422479527 -0.009931536290467922 0.13895086816874622 0.2754656031905491 1.0 0.9567534036397117 0.48463649981147217 -0.05244285945581825 -0.17796986993966324 -0.28046025041115785 -0.2615216658854846 0.15095258410446286 -0.5141410235658324 0.29917462224706765
investment 0.12172956017970565 -0.2840183716247417 -0.007715622429742327 -0.19046797060859025 -0.661738314152591 -0.41655588039862756 0.2974673907095139 0.6696471542447477 -0.5614655367370095 -0.2555774797803737 -0.32791311060036094 0.1042472376892843 -0.9394333543546834 -1.0 -0.629697347184717 0.41540157875972344 -0.17086558379835076 0.45872029142588816 -0.2600530079146896 0.11345826389800785
economy 0.10663610992416393 -0.27391242954106465 0.053355704014295444 0.3259604435963073 0.5906800140664856 0.10507726487626966 0.6380777659209405 -0.08280236544037209 -0.03130495788651304 0.6198918439920788 -0.4000328870905619 -0.18020909819929873 0.027383060759856203 -0.7516543022469181 0.35694935042594866 0.2104479594147708 0.5671810340920139 1.0 0.540558650665527 0.23047766330854486
trying 0.20108595056341025 0.12337044526473301 0.33738894793041146 -0.34157966458681394 0.10844640862671989 0.2091969332005509 0.19644395751906116 0.02045177915925152 0.439088878350392 -0.05009805396062362 -0.7333704782607838 0.40361772475907637 -0.19835421053966715 0.10896583373573179 0.19399577169933724 -0.20255672515935857 -0.20524244087466179 -0.09767550851161538 -1.0 -0.46853958128653755
: 0.32584057533450306 0.06567643753580485 -0.30222512550344993 -0.07231606913288459 -0.5146670026066389 0.3132792332884486 -0.16323026218083994 0.12562211075749835 -0.45915354721215823 1.0 -0.5065297525750415 -0.43396800568332883 0.034618007561403825 -0.5385276547931451 -0.24757115837060098 -0.33452702902399767 0.09423267884606852 0.7685665756773032 -0.47799484130340414 -0.7023884210735055
assembly 0.5462836148671742 0.8086195441892989 0.48636888238614273 0.008869223749340543 0.11733725569755839 0.3292192928690523 -0.2543201338397075 -1.0 0.5800718764746533 0.36369882630718064 0.3282887926734193 -0.2729162354801802 0.35989477057004987 -0.2231425317438187 -0.5354826037430671 -0.42659861505758817 -0.10687141892174333 0.09186843605997667 -0.018812806745263318 -0.07909303307049148
