Eigenvalues in decreasing order:
6.164533493663556
2.8841012432900572
2.5793569813917583
2.3328650966806825
2.3080010009269576
2.180408500020151
2.0943102334956873
2.0596889918687964
2.004144647069134
1.94872311450966
1.9187321273173883
1.8875746738580397
1.858061623855373
1.8388367878223593
1.8233097732007895
1.795314760306048
1.7787426425741444
1.7582254957121706
1.7217948132699021
1.7102069052044973
1.688374694208423
1.658463886026093
1.6451566956994657
1.6058456099752665
1.5953337502155382
1.5778474818234751
1.5669028234951208
1.5333385507009512
1.5266804376938459
1.518492847006923
1.5100846650481339
1.4938629320061487
1.4519906219435308
1.4375681250750618
1.4265861452834159
1.4094188793366145
1.394039965332183
1.3500271829797335
1.3290344012956372
1.3144242651003886


Normalized Eigenvalues in decreasing order:
0.08254552636143624
0.03861924920219172
0.03453860376002173
0.03123798054364819
0.030905040529030373
0.029196526793489753
0.0280436371650411
0.02758004513227565
0.026836284524501836
0.02609416842089373
0.025692577314862783
0.02527536676705288
0.02488017542783709
0.024622747317309564
0.024414834488856833
0.024039970263158825
0.023818063093295965
0.023543330432844477
0.02305550927638642
0.022900342632929945
0.022608000746855792
0.022207483269281174
0.022029294760607752
0.021502903872103536
0.021362145938385393
0.02112799793188922
0.02098144465523192
0.020532005850563015
0.020442851100522262
0.02033321604320953
0.020220627182066287
0.020003411800915104
0.019442725111867048
0.01924960221024316
0.01910254918452372
0.018872672746148927
0.0186667430431685
0.018077394588877728
0.01779629299121659
0.017600657525258183
