<OOV> 0.9097723907354013 -1.0 0.2931303728041488 0.15136829528550041 0.154859566115111 -0.12002494842282604 -0.07668933076310934 0.045358467682663293 -0.028540205385189255 0.01508371634367341 -0.14183292452660778 -0.026960601547732433 -0.025789021602441214 -0.06025874952109458 -0.11100573867452239 0.1196122141014303 0.06995806698383349 -0.002956302109748351 -0.04083286212236825 0.004102181232142456
, 0.42158224586652854 0.3321808953765935 0.8904044981545661 -0.19396069872032823 -1.0 0.2621522986250911 -0.21098271986151973 -0.48013237404729286 0.14616197452635554 -0.14347827324077408 0.3631979862942996 0.2557557217996846 0.03274799640975941 0.05945698672938152 -0.08088841295771002 0.023109647937745288 -0.2491635385265866 -0.12621961250099478 0.08885390776603691 -0.06790407334481506
the 0.3427581605286933 -0.1372324215308464 -1.0 0.2537824577441238 -0.8828809269754015 0.19128699080977726 0.23621604221954004 -0.2132221702475153 -0.41276834082775693 -0.09700878277273528 0.0915887852321909 -0.17997636295076716 0.15421315991170173 -0.11508854207451029 0.08874833797494996 0.18413269526190487 0.0815072145029454 -0.04205113978120864 -0.13839901526919854 0.09518471087790112
in 0.2774701666909236 0.3725056499977533 0.1701111394324966 1.0 0.3213177366916724 0.437741738777879 -0.1044980510088722 0.17657256108148514 -0.09038197370899803 0.1012372856178266 0.3886521905864764 -0.019456793201582313 -0.14084002138218227 -0.36626449865279465 0.2366144592542399 -0.006309049787444295 -0.08348815732338884 0.015445981656776993 -0.07140352416577006 0.24252472892165602
of 0.6428065020563253 0.9036257951339267 -0.09779327209795405 0.7757119093342432 0.45596932195458945 0.030160576950178365 0.047805803182193726 0.058392244547258866 -0.24205320832089974 0.11545109401851529 -0.41928012908878437 -0.03385114120372413 0.4872296736117237 -0.18253133824865203 -0.5954725486890324 0.07118244447896518 1.0 -0.07913830924734733 -0.25763847237626714 -0.34094510693281066
and 0.364998249822373 0.3272404233953451 0.24536498135429943 0.2449905567419774 -0.24498981050182292 -0.12065198903430797 0.24820211871757583 0.36012307762074997 0.1920471966799999 0.6901833901123667 -0.1468258519768721 -1.0 -0.3094297081488751 0.9430602482455662 0.631265320626738 0.1598538378448853 0.19904153318499196 0.16632566902805065 0.17148206096305169 -0.4166360303318267
" 0.3177841995997732 0.2638694008870551 -0.02973563234242115 -0.3752540140704789 -0.23769881699728382 0.6397952579193429 -1.0 0.4414396297669341 -0.008162374381977318 -0.671995223909642 -0.5166066921351122 -0.6069017768084278 -0.3172740725357293 -0.4024714772723613 -0.09159588187867404 -0.5911511549047369 0.4579503123337943 0.5751487619781016 0.3254653366856038 0.3640768668594224
a 0.29727272588315806 -0.031865256829572676 -0.5768128344925525 0.0857384055551952 0.023871842752934656 -0.48068620215342106 -0.5796038301381582 0.20247434758702673 1.0 0.08614137731975695 0.7038319343029875 0.30702998924408703 -0.3797340828830943 0.31015384286417547 0.03733554516908954 -0.14453927993441612 -0.12963349209857883 0.2193379596497403 -0.005218013004023577 0.15349290549197764
to 0.4133025239461748 0.4203676904067612 -0.009974886105779545 -0.5627873135132392 0.447467262795371 -0.7120449695371379 -0.7400182289024668 -0.9645723408504221 -0.6695758705155401 0.1415191835499604 0.05021408569092689 -0.09075513289221987 0.25198703485976737 -0.45514751964292693 0.8904128817365649 0.6792944362949428 0.010651958749297183 1.0 -0.2333297647287587 -0.4922210278613228
's 0.3591026675356068 0.3884214267835685 0.26447153965228654 -0.12140582775138718 -0.32834545483962635 -1.0 0.4541237016971115 0.430601692943539 -0.35735467356396705 -0.017800377313997338 -0.0069300426333139065 0.47032122578564284 -0.7345883381342262 -0.3188283678576218 -0.5432592689518918 -0.08984863232753286 0.38038957375169824 0.29805255781683343 -0.4455449661269843 -0.6526082152725607
will 0.5244434036941875 0.42438360172094636 -0.08566148980899765 -0.35372231568798973 0.3887058118110461 -0.8405285808092883 -0.07288724702409555 0.20783683995467475 -0.967668843823304 -0.5599683699616855 1.0 -0.9875957567329379 0.19529866565607817 -0.17770560277277908 0.0429132807943978 0.1017995476671727 -0.3053240903938946 -0.4942662475647491 0.09111691618313068 -0.17278381800559492
Chrysler 0.40498896064297807 0.11568707266219647 -0.3672140544586105 -1.0 0.3386693240445215 0.9476732794938453 -0.17620741536072979 0.5483520985291357 0.3581499647604329 -0.05121020581635428 0.19691805973859586 -0.5024965916742575 -0.5524641929216039 -0.25567515397466833 0.03002473343055321 0.5957839404288484 -0.13926995685854832 -0.2321974638603754 -0.9150915409356457 -0.2922260782898909
at 0.3062208630321917 0.2936587407479158 -0.22635590927878918 0.41498620631080435 0.06867610750520302 -0.10723310622832165 -0.20678912243956793 -0.25403827038688975 0.4243578819006616 -0.001492738436744212 -0.6446150056680864 -0.2521720799417418 0.2529229833327715 0.5540015167766574 -0.7667816765044732 0.28692117997927047 -1.0 0.4497198457008276 0.6552960490509967 -0.22343012168933946
said 0.272881075583689 0.30233411301468655 0.0399349265183678 -0.19229082060251218 -0.24170295826272953 -0.10334080746608938 0.2715047164532496 1.0 0.056309071897448715 0.13287476695717765 0.13937925088380554 0.335700526300789 0.8122170859596373 0.13523224883347434 0.3565567427934763 0.10052794703909755 -0.07239527068245984 0.08907866352007318 -0.2519715103090214 0.24826124582960973
The 0.4046127464049442 0.35719498762157575 -0.5870201467751686 0.1106667420217506 0.10921490319732625 -0.2861451608830321 -0.6045742109600755 -0.014640042181475982 0.5862406612666283 0.564828863451442 0.742411634055854 0.6103489112211633 1.0 -0.4102289898124008 -0.47563613605952587 0.43373111009741727 0.1771532388611357 -0.6834237621271438 0.3062396801998134 -0.5869418603262275
million 0.28263302453444167 0.27866836162560144 0.013281453044092055 -0.03422149599570369 0.19994689039877417 0.44942121739563146 0.04014409067650932 -0.3797497990075661 -0.19897624829059915 0.23407668055883846 -0.07759481213231356 0.11589510443830868 0.62149745825615 0.5821648033809044 -0.5140455680087023 -0.13961556986241938 0.4767828978154177 0.6899123776338841 -1.0 0.3525883447850236
for 0.3882316730945344 0.5590203344145958 -0.03722062177267472 1.0 0.5926935360073358 0.2836721497776902 0.2988440861234859 -0.054637562471943756 -0.04561148802387342 -0.8745105285469336 0.023404407067290398 0.48240413485537453 0.02334049302481426 -0.21975734445051848 0.25085279186716797 0.224111503320495 0.48074481921379014 -0.15633708953171313 0.24088409307440822 -0.5764616618727304
$ 0.29768673029127013 0.19157068920447717 -0.33340714569474794 -0.19248199063737773 0.16492287946399195 -0.25457089617416306 0.017155215437028887 -0.4289122742940717 0.3526530916739657 -0.13806120242970676 -0.38767178238529504 0.412607760648171 -0.020489207555976413 -0.04383784143835728 1.0 -0.20708533379678287 0.40328695814794385 -0.3740532785357908 0.4603506075888084 0.5966574055780558
about 0.5385481885224518 0.3801560389614555 -0.8742590188374803 0.06861196631564911 -0.006872199022131216 -0.4575019938981801 -0.5651796122110564 -0.24539845810896213 0.2188734611141088 0.0356729333245105 -1.0 0.5174705435750099 0.6814806617175212 0.6457119472884616 0.0740505990173925 0.15620367642223956 -0.3028132408126101 -0.6312249672864649 0.23182119992472466 0.8903982903516086
Tuesday 0.4628749627997555 -0.05105622228245913 -0.1398553664279065 -0.7527716586361757 0.4746024628732117 0.5520600982275503 0.3103254794582478 -0.8348194742891827 -1.0 0.7484411084729597 -0.1484732788197266 0.8528704653960734 0.221582105998609 0.5389896014753298 0.2017517097946828 -0.19530611632722414 -0.12104062225173268 0.9424507288091014 0.03981264607270733 0.6680674412837131
was 0.22561671253322352 0.3652795212791243 0.11700877805445463 -0.18383936613766944 0.1874482591091409 -0.16077185805670685 0.200389784383042 -0.3624494142839156 -0.12993752823181856 0.03223453394100208 0.409073155744678 -0.17043452128214606 -0.7125041621316089 -0.16196172549598817 -0.5717736350664513 0.6182766670827535 0.47773880944775027 -0.6613773244207829 0.4095050201357399 1.0
said. 0.1921140277207779 0.13693760224837903 0.23024369867519767 -0.05409435755022067 -0.38367478695833646 -0.3864789155690572 0.17590724024449292 1.0 -0.1483495680865355 0.07524743233749993 -0.22824959440040374 0.5959971058638212 0.36282545957073203 -0.14100035081822726 0.2281089476946183 -0.3714571669601437 -0.05465764055509056 0.4032477175430141 -0.27845378716387365 0.571621089251039
is 0.3006144425550238 0.4266470014395655 -0.0223342908433704 -0.38628153314576597 0.32531081105729237 -0.6134930191195531 0.30545392522578224 0.4028785021039413 -0.28438709373570326 -0.6896949221714406 0.18642140401852608 -0.5970565022403935 0.26242333160564923 -0.2175762189667066 -0.38925303816940127 0.6175870272448167 -0.9582919450039116 -0.21298211668533581 0.6006130364128249 1.0
from 0.7561116424670395 0.9420759114927072 0.013696052428980386 0.6547434524253214 -0.18045835123639525 0.446407190445465 -0.17508085127177075 0.14559165980417021 -0.06740172770923983 0.4163568375071996 -1.0 0.24454122679931017 0.06545950475916258 -0.06797548876504743 0.5333296196920279 0.1820390248392854 -0.295409718401428 -0.3775671976562114 -0.31549190989077525 0.10453054894653493
plant 0.1356845719636794 -0.059229858379672255 0.13306531257062093 -0.0010872042229166739 0.23175921594744076 0.2668957027682448 0.5656280111024806 0.004648089696232661 0.2320616937927426 -1.0 0.19683669471679718 0.1995316138956919 0.330559373928162 0.31962813072879587 0.331622099650938 0.2784266086819899 0.24434064461125257 0.32579035885860963 0.29912019081500496 -0.2146950420072189
be 0.4189842149868806 -0.08111265894250104 0.1641296602912858 0.058957340335703934 -0.4158719116475109 -0.6920204379622867 -0.10045695564326357 0.44125491098010344 -0.3697864380225784 0.1757519462458445 -1.0 -0.5559996821863417 -0.04264489494184431 0.06013300850686596 0.8527227950555719 -0.2737263508363356 -0.8216647857406492 -0.7818176166915239 0.7261584327974097 0.40439343175749504
on 0.30509738333509057 0.34026371074698597 0.03573028922337501 0.36506035900646616 0.26653539931686226 0.19079210374669722 -0.11466761600548253 -0.1448726047912478 -4.366123050235502E-4 0.1921183808538397 -1.0 0.7544025079167199 0.024603157488675927 0.05248479543754096 0.022576429006498113 0.4365072975527913 -0.658828249510188 -0.8252773829734005 -0.3404818488349661 -0.635061550456295
Mexico 0.26978400547425213 -0.13986536620474446 -0.4798381736090479 -0.3655461183151327 0.060310500879909905 0.47121398997504993 0.25719214672099455 0.36003582861460676 -0.2018055543767906 0.7139094019776551 0.1891608698143134 0.7100547169347384 -0.2166295176849764 -0.047181455113932826 -0.402135917270525 -0.16573789693186375 0.12671272331858527 0.007366096211989991 1.0 -0.6576962045396005
. 0.6747960460390251 0.8167091586248437 -0.5320453836184326 -0.236143925510813 0.1383654761196292 0.16988079049344443 -0.4056123156147908 -0.4352169039933122 -0.06353783889646265 -0.04064605236158315 -0.5925248357308083 -0.11493824099581577 -0.023675657193278774 1.0 -0.43793245337094955 -0.5786054363899628 -0.16289917838679405 0.4746532628485292 0.43218440420220094 0.3430374992344659
that 0.5522535434505486 0.7632312097532948 -0.03830007660242502 0.3326010401006241 -0.04493050501348861 0.1355758055335591 -0.04832247286709215 0.09687590620616747 0.4371899661855756 0.5917290299012097 -0.4452223133458675 -0.46080036070620367 0.2846594266735956 0.22247643824054533 0.37152501887306827 -0.06834922943068444 0.15975953144978633 0.07674098509936536 -1.0 0.1512020020196313
Corp. 0.5293590312801814 0.5530985515614077 -0.006061319404481942 -0.42243273924098645 -0.11262781100020414 0.3807805868959679 0.37461749186756693 0.3631512472187415 -0.4080710655070968 0.2845932090940916 0.3319455913836312 0.4224582015089857 0.6207417650871946 1.0 -0.2139255266591927 -0.04712669974628543 -0.10635751182889902 -0.41088027281989953 -0.5684963946450208 0.14756909382289565
Brazil 0.20574158309480967 -0.09024283929357232 -0.13130072176242757 -0.4158999964953083 0.2887506292007544 0.8017682157829916 0.16745849681518082 0.18751562256316398 -0.633601601620384 0.3964763579633896 0.7367087888713069 0.32436739197697123 -0.7045740060022352 0.19543814083121103 -0.0029076929986613614 -0.13609536066422623 -1.0 0.3155024333631164 0.071103310099739 0.06991611739333907
with 0.4651276894526302 0.6361875486623912 -0.40682962180703586 -0.2304304019996074 0.20958673716260345 -0.18574940184293642 -0.7550745958194958 -0.013590140946721136 -0.1407578269909498 -0.40979815313865353 -1.0 0.006384249774842207 -0.35213871767662613 0.14117512365444426 0.3287889638593047 0.7056226034843321 -0.35520342670046706 0.03976171452528709 0.16696454981014497 -0.7753527880762966
it 0.38356893241836054 -0.11217418632525958 -0.4721478902928033 -0.46293280544804954 0.07528357422441026 0.5985056057082164 0.2216027172250234 0.23097813619409135 -0.006081657104629594 -0.391680094786184 -0.34727597016790807 0.3143864913263615 -0.7663641836074145 0.17198830660971 0.15591358549512227 -0.12957903663193446 -0.9036000429499547 -1.0 -0.9482515147957595 -0.6661441616404011
Jeep 0.2078633741860478 0.008437466971454487 -0.08211001852029398 -0.016906853596677426 0.28425759037791304 -0.09276943597808154 -0.13707794171247276 -0.2699643174540728 -0.13592845383132432 0.017840775520828692 0.43310094745367844 -0.29860966196505034 0.47164851500405963 -0.22208751462732487 -0.2795040783225794 -1.0 0.03564247596310015 0.25765828263137985 -0.2918766363111575 -0.6372078668491371
market 0.6025817424698015 0.4242036481950821 0.11050769620469635 0.0466322781775602 0.5764781397973145 -0.26404171653574154 0.8421173868016567 0.08320890820451451 -0.5724049260818668 0.13636027746481175 -0.17147349149738877 0.014970319886953267 -0.2018887339971318 -0.44601873378626616 -1.0 -0.03328340489395851 -0.5654830533672437 -0.03969904185162675 0.6801609088356809 0.4454094430237241
by 0.6720350446502511 1.0 0.24713810292821534 0.7274162806548645 -0.08801078630276817 -0.11407262187326608 0.42917697233202845 0.43674460902907025 -0.12476958881414504 -0.14501598167624916 0.30640858010714705 0.9289013646886634 -0.8174857238525293 -0.1099186993429536 0.024739924398190078 -0.6431582194365043 0.22705903369565583 0.20155133518447013 -0.6181301942163567 -0.32293791270994887
year 0.21556589887105004 -0.0036970241336251055 0.15921431922569665 -0.0856131785681301 0.39880124118401034 -0.05285435168122628 -0.10198893367894003 0.19632415828124083 -0.4678858233052506 -0.2834456195403715 0.5567709732912195 -0.6040402386402345 0.576936860839871 0.10554584427612093 -0.047229233537143894 -1.0 -0.26435125720130986 -0.6643370236843784 -0.050716146289469986 -0.6106838174281171
which 0.3718959695622903 0.009873398080497702 -0.1430586238142715 -0.6731266818318888 0.1292485526882287 0.5931833987920525 0.2134004215333502 0.6694180813757126 0.1558869421286057 -0.7398444320617086 0.013962948913406015 0.3701619190655245 -0.6524609469221171 0.1867674616137467 1.0 0.3981713920080875 -0.8084704796720492 -0.3033540481950186 -0.037618168689741924 -0.3631070435214386
he 0.29471526646434315 0.14857897297993836 -0.11815808783449328 -0.622978447836202 -0.005596612541496023 0.6126008458154762 -0.68388696621192 0.840653087798552 0.32031913289993336 0.41899514404891014 -0.00942502549690826 7.837890304716456E-4 1.0 -0.5591405091195598 -0.2586990246401192 0.9296624604008558 0.37197818342755123 -0.39381925008253293 0.6566564444339397 -0.6973693972346482
Mercosur 0.545894964720842 0.6147756076593963 0.1060038800677181 -0.5596058896007626 0.24178759135137487 0.13707525317501965 1.0 -0.43003541393863287 0.9170819226013585 0.532039477778794 -0.5725287778085993 -0.7659990386330761 0.09167629920757203 -0.9391477135728443 0.0472376828716262 -0.5348611820114656 0.1945768592966914 0.5793662816836457 -0.2631168579855735 -0.019040164592264198
or 0.36808567576348233 0.21335340583286605 -0.20690520822256256 -0.31488283251991833 0.44051982159633907 -0.13932506707928893 -0.1193697106718896 -0.20866007696989966 -0.39846282780765385 0.19592972309780526 -0.7398808386867617 0.3322490035420333 -0.5413143929834134 -0.4666569140425038 1.0 0.14015831380956217 -0.27336883438766696 -0.002470443001283514 -0.3222758235603217 -0.17538468051639416
rates 0.36519185789943115 0.18355712764642493 -0.11842072248060487 -0.38840952262366524 0.5383104488825057 0.09417420294190354 0.04209033423495998 -0.466812606923318 -0.03999503573411898 0.13857648184589205 -0.2708904673902674 0.42920226766593395 0.10453546332832095 0.29672038668965417 0.48670693700739953 -0.6906379099236409 0.34553066925891973 -1.0 -0.26043091072295604 0.5696126330601761
Argentina 0.4604794574314374 -0.1315129157819201 -0.2574930512045471 -0.39860010429522463 0.6373778154332399 0.774394962467031 0.7406009757970851 0.011536045070778425 -0.682485842639975 0.5560384474329797 0.4660127931111065 0.2799979207835093 0.2005814641541333 1.0 -0.2387084768344453 -0.2631094471497624 0.3812423451069627 0.7097589587200671 0.7578669485748697 0.3075714280513616
one 0.23813005223038153 -0.03398418752918627 -0.1513156638507235 -0.12159670122921472 0.06717099677618352 -0.2888726477965606 -0.4037605633400422 -0.558206687373743 0.2920269366279968 0.19758016851279164 0.11154015763226378 0.28613624185388403 -0.05263790499525756 -0.3383728030043031 1.0 0.3918671732851193 0.4470217185580817 -0.1452490482155713 -0.05154540234655421 0.49801514216647946
has 0.36141019038350103 0.4254627699831352 0.11270224626652757 -0.5403650559121892 -0.05569353990999637 -0.9129635560933163 0.4061122068291912 1.0 -0.4408343183710781 -0.07182291276945006 0.4091376533124098 -0.1759905939003862 0.4588762275541933 0.11440119960395952 -0.060689209637820686 0.14740874817030278 -0.40524036541902 -0.23371522197465885 -0.04742379871252422 0.41252018039784943
We 0.538681938927092 0.6456515092456491 -0.33105693602869846 -0.6080003283998651 -0.027717153321789055 -0.02036366978787813 -0.06877047085112024 0.7861353948715216 0.6764338062232896 0.4658801907358975 0.010775996785010622 1.0 0.8882959820150457 -0.32186640523784127 0.1919649296802152 -0.022463893042324316 0.5016103310384397 -0.4629414298682889 0.8794467990803105 -0.23204199445465049
its 0.5845405065821035 0.28882040139862747 -1.0 -0.23963398834309457 -0.058271507873915086 0.08621132790475047 -0.026519260058149953 0.012565528288398804 -0.4474329071383251 -0.18644306493126095 -0.5701819084491901 0.7969248055517043 -0.46376357838940485 0.48077795621485947 -0.754200467682847 -0.8897722707526017 0.1354579788175643 0.4897589368749582 0.09121416733954582 0.259795995403647
% 0.4944584017763731 0.9364069781585502 -0.5156196775988896 -0.20613209217012185 0.4051394117756351 -0.17916000113935865 0.22158470915235737 -0.09365126906386502 -0.40274179382262726 -0.8279877684706161 -0.5510837522842051 -0.2140682421616538 0.3293699778619295 0.8997986145753482 -0.7638936253711169 -0.21224753589791973 0.18840832898122847 -0.6078598520968572 -0.22979199643891254 1.0
automaker 0.28186949542164785 0.17618052009178078 -0.11834538104497967 -0.6057375223564399 0.36411720310696744 0.3947703037317607 1.0 -0.12159216831423558 0.6306231433926374 -0.010278903290385395 -0.2682763578780719 0.0076428422070278145 -0.16875463576609612 -0.41950379637306373 0.41934151140889203 -0.14467164333118046 -0.06989443481836304 -0.10450836394095704 0.282176164722219 0.1264969588350979
8 0.17664431126285968 0.3493522859893579 -0.2410066567837809 -0.1552536620038617 0.08950164501139721 -0.20799874144186392 0.027841328818458234 -0.13981388376193385 0.003574067600396032 -0.013749303901049387 -0.31892994928883883 0.4890209385906176 -0.4394905108010963 -0.5355218679074212 0.463409481112538 -1.0 0.42376591964983923 -0.25591186353586165 0.886928517384028 -0.2722034207516943
investments 0.38228290905597234 0.09762126593046963 -0.021580986501512613 -0.525413639391168 0.20174862106401428 0.07491846895473042 1.0 -0.26593323198010776 0.9775449290960723 0.23409473882225457 -0.6558923399521929 -0.3331015321051162 0.06385549977283303 -0.9258750272954994 0.2867122165724959 -0.25258868800915446 -0.12417781085049594 -0.8485179763489046 -0.5881506362606923 0.185428205620679
Eaton 0.21092542581498563 0.12184496596785727 -0.08785726262650174 -0.5416647464911573 0.035880630198005206 0.5641405131991398 -0.5714724275224587 0.6124022990708449 0.19236064300681033 0.44788828571805966 0.06263256731077746 0.0745141699179974 1.0 -0.47101514299834113 -0.4953746756824594 0.6375966165364768 0.7195249976712003 -0.17083666131945865 0.5921967922324701 -0.40292269762517463
South 0.26470700090222615 -0.12177885516317999 -0.3554679528033141 0.17339001471396132 -0.07345492892946338 0.2688142960724824 0.3022450608370262 -0.2516444542349912 -0.7910349551793456 0.7869333592003152 0.06613749376552744 0.6887207671839717 -0.18240857524334753 -0.5763447428439753 0.12013188436577185 -0.30715813078376 -0.467232720495993 0.7495777467126709 1.0 0.16026977855829008
markets 0.3976687816638133 -0.03283298607061139 0.15313642898925983 -0.501564091081861 0.1997840944928604 0.357952463281951 -0.03363130116488038 -0.489385426017219 -0.117495455038541 0.5672293220305513 0.2967240886482805 -0.31769454699275895 0.6044521667326336 0.9262148494105137 -0.06506893665644801 -0.7118811040635976 0.7882204888321732 -1.0 0.28769100847368306 -0.08885748704324305
into 0.5185084915319774 1.0 0.07440042997593957 0.5875810756297309 0.02620246814981904 0.4850579794639999 -0.16020472053368964 -0.22752811076191148 -0.15852759228215269 0.032578522710575215 -0.7847075882070306 0.5131547644371034 -0.3683723698910777 0.279865411361851 -0.7485121121596928 -0.38447012571076866 -0.703059740306898 0.4939793517732605 0.4558137174090123 -5.662899978329126E-4
Cherokees 0.4432460267190673 0.6011827150685793 -0.3847431212288774 -0.20803601398169422 0.2231557331638205 -0.30863813292027414 -0.03210294954010364 -0.1828966367455083 -0.12639917912525736 -1.0 0.13015416831555923 -0.31584157857272505 -0.3505099364602347 0.6120003452090153 -0.7160526912995167 -0.05504997566772733 -0.004238308081315347 -0.18859064436786566 -0.599159194340568 -0.35586886503863285
interest 0.8603981525438404 1.0 -0.3775171934913545 -0.17766646990698703 0.3539689126623744 -0.15493236817427367 -0.4245599603645519 -0.4709210260623763 -0.11566078878499868 -0.2375211567307324 0.23749004323444775 0.6702379073920623 -0.21334359405258613 -0.041614585818200475 -0.3367112641839848 -0.004260980072942637 0.7636916336087184 -0.4708215930909061 -0.15156668183017147 -0.47317662785802284
now 0.32610291185677087 0.49639633996091925 -0.1106022454369823 -0.41178158403487075 0.5781954726858733 -0.6762526399568894 -0.05611352648720036 -0.544521769166198 0.08882489334100468 -0.5962567205640251 0.3342549638305959 -0.12159996422131968 0.006624699152225225 -0.4097663633331014 0.26572785559324824 0.06336205469404668 -0.9519579973304924 1.0 -0.24152576488122734 0.23250464640124313
major 0.4575460551545447 0.27121105193826645 -0.12797400701675551 0.314594569038082 0.17181044452393274 -0.3611768293084626 0.42094505550197514 -0.2603544899532887 0.02673960286921961 -0.5682861219775902 -0.2555778835735428 0.446350857394341 -0.49319392841965737 0.07214836108534319 -0.47786400683466945 -0.7238026322662798 -0.20363679155198236 -0.4053731194845485 0.2109700179223263 -1.0
percent 0.3789662116400628 0.3128138288055128 -0.20700685745285732 -0.25444572957689776 0.366799224358086 0.17942152652647175 0.11703032330874068 -0.47416560582290646 -0.049070826527845376 0.11650864343372548 -0.22407535487015673 0.432421942420176 -0.004168169716987271 1.0 -0.09851411920550217 0.10922000239607814 5.207951535660504E-5 -0.05553683057927114 -0.22543758204877104 0.5647370295287137
America 0.39682354071821496 0.29636605624752344 0.2305976035607936 -0.4678638422386285 0.34041827766630217 0.4320860914697447 0.9227186967713794 -0.4852416111104481 0.40272513809608085 1.0 0.16215317534198936 -0.5298346498806163 0.3219692256557764 0.629265299792866 -0.33983837366797975 0.09186809385863791 0.24001520535056586 0.7057226743223667 -0.8844569127591252 0.5512867981907063
as 0.309693032084966 0.28764439846039846 -0.017342831402999425 -0.10169311595698516 -0.17081328401879314 -0.20521367535894852 0.07527970792825955 -0.220395228304032 0.0744305666388765 -0.17500474803641672 -0.011619482837468076 -0.24647040187604422 1.0 0.03296526316259076 -0.4653424247266677 -0.4488085595660641 -0.038314865414910575 -0.5815105207425616 -0.6762469238699897 0.5140740075695627
company 0.36678993524939135 0.11738192075604019 -0.15047454287734738 -0.8652024311775824 0.4203274546099817 0.693615923010427 0.6999930104744633 0.543554954135208 0.5874641364073904 0.5896977661501469 0.0832300009578398 -0.11809460539058879 0.255468460928772 -1.0 -0.03592447629597356 0.12354689699922004 -0.20381471683592503 -0.2717409609274362 0.2774400177836891 -0.25264900892393954
been 0.4419967126353306 0.39756499536032897 0.07206949927057386 0.1175969479685958 0.24409295868382064 0.32982829743573433 -0.039053654716507326 -0.22030281494885065 0.10619424890646324 -0.17195146375021858 -1.0 0.3215071747663142 -0.44934668927709226 0.5086923503717034 -0.1509416781753108 -0.4712713068610694 0.17082292199062316 -0.7492585912247971 0.05818484893935174 0.3972390851952957
an 0.2680041346498605 0.23230600261525122 -0.35778451061251193 -0.1663166281622574 -0.09198620393710706 -0.19754763717423143 0.014545788379418195 0.026163672824511118 0.08968320290871092 -0.6111332013198604 -0.3841642949844196 0.38941820884882045 -0.8246699466320211 -0.21462390871630285 -0.38031256068898633 -1.0 0.3754158206083076 -0.34898124634902694 -0.08940859301024408 -0.595572825234051
; 0.4011018792073446 0.881053089419075 -0.3192841257201174 -0.2626375135288011 0.3003737503989405 0.2991992424526552 0.10379689446468301 -0.11394543176582816 -0.018025788703854684 0.16201223840564447 -0.3725835094830164 0.29855242157313566 -0.06370214266843958 1.0 -0.37860646272629617 -0.4307603544765011 0.5634571958517902 -0.08144153357914251 0.3506305546831739 -0.1162681906009731
under 0.45744977428032363 0.21040661849151746 -0.09117809361281046 0.5564696588960167 0.10695139800583885 -0.5251958982498902 0.17892070756652034 0.17703943333035954 -0.28767331227355963 -0.6079130040342331 -0.7018552148008389 -0.20090143762429097 0.07830139467658392 0.09865034402814347 -0.039330522904634575 -0.2901780214203663 0.04186592289268145 -1.0 0.2766471301336342 0.3878440835154793
back 0.2557470114734251 -0.09428321290756558 0.1872971270857961 -0.4343867695218364 0.2102148330028853 -0.12480441338503107 -0.44949366007364644 -0.6345488502482743 -0.2569653868659438 0.2581831191825024 0.29321153235385955 0.24951363697151524 0.3388362983592129 0.373213609232402 1.0 -0.8211521258578282 -0.02608641312906326 -0.20288413555305285 0.25589359858791366 0.3640662291948774
fundamentals 0.41900644890360206 0.06454967565645675 -0.28874428813666336 -0.567895077210285 0.3769614441555323 0.40033827127050026 0.4607716452217626 -0.4133769055489553 -0.09115405079985432 0.8776197435033837 -0.057329969509502345 0.46931275856992594 0.3712450322487756 -0.20024544505528744 -0.532777555517626 0.25261387611804054 0.5287636270855866 0.29367185124996775 1.0 0.33150667713530824
have 0.7753780855102635 0.6212321464464743 -0.08345962878893337 -0.07083150729530338 -0.08308301522328174 -1.0 -0.09465425040493188 0.01630666484849784 -0.2556548502456777 -0.7290742811424539 -0.7656624088404398 0.6369016208645562 -0.28016792255412626 0.22336676718060142 -0.8380332232236803 -0.32755813075535317 -0.04040954516430843 0.1424582476715286 0.35677742487523756 -0.41440162335313474
Dakota 0.63573935847883 0.6253311024059682 0.44992048005737456 -0.41462865191157144 0.8671220028641823 0.2688028133674419 1.0 -0.5913756162299529 0.5121840817714506 -0.9584804843385507 -0.653789171393191 0.13949838680089832 0.3652567151415164 -0.18636683729393683 0.4540240969088369 0.4741328881155591 -0.4302092005124543 0.6389338173791007 0.24381189607249643 -0.5156063843997629
stock 0.3661247844328874 0.2794452168795961 0.1899193932237031 -0.3266971574494791 -0.20669840380478563 -0.03172530106500316 1.0 0.05853395668565641 0.6721415687368991 0.46761531280817886 -0.5207785281586522 -0.15113607085382064 -0.0017241400352149047 -0.831329687500957 0.7572079228616281 -0.39156248795952714 0.31980982084129966 0.4407473160912879 0.18102248725346384 0.13231792212783247
new 0.22602931401194393 -0.1994522131696227 -0.6015806645687694 0.08731936190587226 -0.33179142903514347 -0.22146696468675045 0.7355731978353777 0.09405193829339878 0.07736320348667078 -0.18509722241854382 0.4529743200987229 -0.31014933537895967 -0.04656393143082929 0.463864931247666 0.35719521999309506 -0.5399757971439126 0.23923745721850903 0.6960049871902758 1.0 -0.22453447149711164
since 0.6378442402724807 1.0 -0.023797942651006692 0.03288426627696168 0.4432022080006885 0.13160692071006555 0.66376757456703 -0.3382198336888549 0.47710240934347903 -0.0963674390806387 -0.45290984776406024 -0.01599306539921281 -0.25367568909653926 0.24383284407396671 -0.2965883242554043 0.19916452443710203 0.6378587581817602 -0.4261985608797938 -0.04243364900320404 0.3640367417124152
total 0.37277826624183524 0.19518658162050936 -0.27436350698004563 -0.3188408033325904 -0.2561626911918606 0.5440990480151844 0.6760253417052964 -0.057179231982201026 0.10711763168074884 0.17603774760254878 -0.45327249108756024 -0.8638274018649407 -0.6031783093072903 -0.8602771686250877 0.008221234041058066 -1.0 -0.6416259144149238 0.5927029058994117 0.5529478361701873 0.08816046439357725
United 0.36510025271782304 0.29309782259205985 0.30083338163577217 -0.21858355974760038 -0.33735599983590914 -0.009725298028880178 0.6841343296571722 -0.44582390598001587 0.4418408394410145 0.6288354938254481 -0.42814285926625406 0.26253042091498185 -0.3754010921214939 -1.0 0.17808218949089424 -0.5107910116583695 -0.3468744267658193 0.20862526058533895 0.5611667494825914 -0.18908171964050086
engines 0.5276789098628106 -0.2024325658041122 0.19548519901717185 -0.5119722048254759 0.6175814613044791 0.11911897283552687 0.5980520266311643 -0.48120218099005707 1.0 0.42877449035842763 -0.3846161326265892 -0.32161870590574426 0.09923905618138246 -0.7372998916135327 -0.1117590592272564 -0.7404336788313914 0.37566608071426927 -0.049408211980255516 0.5825781875843409 0.6699222989522533
Brazilian 0.13825248915648403 0.006126734826876367 0.06837906238542282 -0.019453708177373602 -0.06016175061112913 -0.013174825396261936 0.7844911119002531 -0.4684358380711096 0.9986455977094544 0.6030180910319168 0.03988474056868237 -0.8088104737552441 0.46834761575297673 -1.0 -0.45299370029828107 -0.29903154934117876 -0.6724208760830281 0.312746481596311 -0.45564655324825826 0.15879693125121933
suppliers 0.6067241801754812 0.05702010786795137 -0.05538402814682703 -0.6753295748354994 0.7226944398862382 0.054365091570445986 0.12332462616421974 -0.16790707444034653 -0.32542213966098393 0.33599878100500985 0.19283794191835588 0.9594086304231998 0.011760359392257187 0.9780569102732997 -0.4651876600879415 -0.3367594833318242 0.18876521639481927 0.10921983933124618 -0.1801356019036791 1.0
we 0.727864900147999 1.0 -0.5833518182441106 -0.6648040402956221 0.4637345304680058 -0.6415607731168474 -0.2234593589618326 0.29682655048081097 -0.2890860107971925 0.13787151553934474 0.14111193396650004 0.5399740366964028 -0.4981729219542729 -0.005197725787826013 0.21772861107942032 0.27015695112257304 0.5340893781118303 0.08818412038510175 0.26500855864440614 0.19083352650900237
diesel 0.3317824458743942 0.10385576628256588 -1.0 0.3155583440692176 -0.375064748252069 -0.302369190265062 0.9356665703633917 -0.6663365954744038 0.8695432367302047 -0.7843551945706131 0.05739211214906287 -0.34097276575624597 0.039448747114143125 -0.6567650259070188 -0.382895133811658 -0.40408441383453647 -0.026096591971811384 0.0794055863340695 -0.1253530753227227 -0.47703367018507825
small 0.47449270473156296 0.23171118955454434 -0.43837140226102456 0.14842597015359063 0.26762459431776725 -0.6745427964876456 0.19198502540621895 -0.5059886634214101 0.19738027572389769 -0.27588127340595087 0.8039100435472032 -0.033411368876335994 0.1524601215577543 -0.3927753636954557 -0.4658934747190501 -1.0 0.05830126173884265 -0.49398322485516555 0.4267400261759155 -0.608715585625765
trucks 0.3796753791419546 -0.05408806574596366 0.20657283135872712 0.09863890935365102 0.7372157734326237 0.39311208649078516 8.167261760334233E-4 -0.5275815139685933 0.5003471775832393 0.17492963243632045 0.9768445159217466 -0.22759766971256248 0.895650141510838 0.8442342797801662 0.37614794491180886 -1.0 -0.14147580880977553 -0.5735399101196963 -0.028593777649426808 0.5972795689764462
recovery 0.7472122992339495 0.26822288975109193 0.06734774159832296 -0.8664475356691627 0.9611234744579344 -0.231713071829751 0.9042165078927564 -0.9810219920500716 0.4561344041690348 -0.18712599054709766 -0.16437715379969836 -0.3480553883956857 0.684270647289752 -0.5033980446870183 -0.6369468720782698 -0.6932315301855225 -1.0 0.9422557693396048 0.8094988438159804 0.646026467994998
built 0.2024015388309996 0.07264334264971914 -0.2759923820563202 -0.187186658957194 0.1655507668117306 0.14070537882648768 -0.27624132779090316 -0.027555886090918552 0.3680258099299013 -0.41465122030563506 0.07757350293511736 -0.07664750522785177 -0.030856150200233565 0.7037343050182377 -0.4289993531109907 0.055385722795210736 -0.01643478257853677 0.21732989085205598 -1.0 0.4052661069082737
also 0.25461660099424893 0.07859577958495516 -0.06498818918623411 -0.17625154082961306 -0.10339559444489348 -0.08133032853091779 -0.2683170940307597 -0.4227975987707564 -0.21615389156278786 0.09180028324061441 0.2535920487880123 -0.1521064403425943 0.2190771563174247 0.3467250282090556 0.8342341594745244 -1.0 0.1310123538751284 -0.9864257625141307 0.3550154346312014 -0.11939963572567865
growth 0.9259731191120502 0.9367087701459427 -0.11867512173518567 0.6826507948708285 0.23056401197129034 -0.12485967297571716 0.6940794923591255 -0.6337853859085226 0.03675022387940129 -0.1145894108726227 -0.8298473493654441 1.0 -0.22734919150975658 -0.7760600753226927 -0.0693705105002676 -0.4774784890052627 0.10536228596821826 0.2818188053891706 0.6394492781402961 -0.285145295143774
after 0.5494835308137297 1.0 -0.20320470994475415 0.1050604906720733 0.30146376156012966 0.1979037019512662 0.06631310030292037 -0.06084329771170048 0.008429220323500798 0.046222800562710796 -0.3569584894941316 0.3095950207965494 0.06129710496572786 0.4068867733728589 0.07696301073183005 -0.20798678028875758 0.1719900577628651 -0.3147461680733729 0.044619164447335324 0.13131876028993206
were 0.22653392246694012 0.44296453383191065 0.09384742802176127 -0.3002857978341201 -0.002837824206616514 -0.3269331156431347 0.1804218415588407 -0.3633745192800088 0.028572566995106206 0.29181477580819765 0.33630212801225173 -0.27439427732312094 -0.7509033352714591 -0.06682267659370422 -0.32213902922592297 0.5951227851872927 1.0 -0.24726993320473944 -0.0027450594986882224 -0.007167693055156032
up 0.21817782274672437 0.3486477591813617 -0.21032996209698035 -0.12597026465378874 0.21771163763059934 -0.13106103358947258 -0.225359945354197 -0.17881783671845258 -0.04746259513724237 -0.05578640285707 -0.4920376226474986 0.204063103549876 -0.05248771368589016 0.38289648814627236 -0.028969100840195567 0.25100996076941096 -0.035913166854714074 0.03492155599026237 -1.0 -0.11203851161570072
first 0.15119196767323753 -0.09878775613546652 -0.007140683274334984 -0.12281631385042188 -0.21956772607482422 0.12264616239592112 0.6820656869829367 -0.2649945434408165 1.0 -0.33502577317999616 0.1891789139504171 0.12380068725390725 -0.22520070958623892 -0.39885310123857143 0.42032015534311157 0.10326332236090646 0.12139311495715914 0.056953107927809714 -0.32585675624979 0.010057656926817014
Paraguay 0.31459050571022384 0.038633207573559744 -0.3240489036815033 -0.6266078744628332 -0.03756831330973191 0.6633241899176384 -0.31698137116845293 0.37824431722358565 -0.38821101111061546 -0.3323751848678715 0.6154505689167389 -0.6631484285994552 -0.18981026638329285 0.7187661394769086 0.6018728093430314 -0.5578093409878684 -0.7065872157599427 -1.0 -0.5748938191424546 -0.6543447963026469
Inc. 0.6543546200490041 0.6349484683987993 -0.2529369223240114 -0.48608405791952275 0.9324475422963096 0.7701827654973297 0.4751644998912583 -0.054751048176813207 -0.6006613316841036 0.5069025575065988 0.6099318221294554 0.44047120893494296 0.4370472751993271 1.0 -0.3964516216128658 -0.29008235122083964 0.48155592644573225 0.22836857067456473 0.17939198679136786 0.4491640726617529
record 0.6406900040184034 0.3810297481086485 -0.8095361826802031 0.15012386256626617 -0.014557969144403193 -0.4731883129408164 0.20821703968882882 -0.43466592890778216 0.8027168654808191 -0.7417027249906119 0.3321997074706976 0.7133126921014186 -0.42859204743034307 0.3759588780750813 0.07425911432998632 -1.0 -0.029795800665370326 0.19100628458577776 0.237858845352689 -0.07480454913300479
grow 0.27663934226759157 0.012188225832932748 -0.1093593914453844 -0.23697702050747113 0.2770263944420205 -0.2571359968788345 -0.19670750624567376 -0.35582463575322426 -0.1248717118633474 0.22142636269633476 -0.23233872551592866 0.015206048689480207 0.11086288166517329 0.14389666608129587 0.8507364721078211 -0.9320621474626449 -0.012789573431681783 -1.0 0.43589706742883066 0.11845901156388917
investment 0.15560546317673182 0.042255327469166916 0.1762470500494258 -0.11477532656183004 0.009371385859694027 -0.12622382216642175 0.4733623555729786 0.06730536873401544 -0.3550746741790536 0.1899863100649812 0.39003097540086024 -0.5124780081054567 -0.6783716748551217 0.4906135712210689 -0.4215145375316464 0.33123347468870684 1.0 0.10923253771742991 0.1860570579997373 0.13347520547754035
economy 0.174379631873606 -0.39418143012036694 0.22969050779195585 -0.11324691119998419 0.18076211499740413 0.14484914594899756 -0.22380577339661248 -0.031050353286966457 0.2732198398118685 -0.4777757254461392 -0.3994027116257081 0.0898522059265347 -0.14848690384979046 0.6104144524804686 -0.6580245770801871 -0.6593443119432061 0.6077815412903738 -0.11182705325428205 -0.31358314848350316 1.0
trying 0.35144211554734395 -0.09300827572452139 -0.2759272508583744 0.0112214580247509 -0.07235943705253776 0.43463091316747077 0.29620067712879833 -0.18145658198375061 -0.3090797730129091 -0.7807719879407349 -0.5512288125628032 0.42186347082985004 -0.07404284122173324 0.6998355779073956 -0.14060985771098441 0.37770880276568064 -0.3242940726446225 -0.7040927211079238 -1.0 -0.4119272496384316
: 0.35075368603019474 0.66684419556579 0.11312574769491751 -0.5264775550272675 -0.11814488014361714 0.1378041272690832 0.761429414568887 0.07204653441520767 0.4118624520585355 1.0 -0.0832325479035595 -0.28283829465571797 -0.6518569276088779 0.9947096296032095 -0.14280060636244662 -0.13681799134668782 0.9414483311654648 -0.15527996587313436 0.603056500510924 -0.9408090539954749
assembly 0.7212160562106876 0.7699483397479701 -0.5234748980638999 -0.5747480273736542 0.1459863755263971 -0.3470021127375636 0.8079138284515915 0.1817488477996309 1.0 0.24489662065050452 -0.23822182462412747 -0.12472014786148884 0.366720377343353 -0.565507395185908 0.20342889540646797 -0.5343916828419147 -0.005510530829379443 -0.16157977976898652 0.34082257330914933 0.3741587408731642
