<OOV> 0.9798746982469306 -1.0 0.07216273422559365 0.2165182821519559 0.14125522257645023 0.036454962159213296 0.2018188982730519 -0.10809220341400544 -0.0040120850639136394 -0.012468247067043744 -0.04612560591477481 -0.05113328317467096 -0.02658808871751535 -0.009539261491137813 0.08812121339833127 -0.01878643292209223 -0.06289965289227244 0.05813439066758034 0.023959959815400216 0.04066071476564963
, 0.11184436198112159 0.23553288516190052 0.18306169975332803 1.0 -0.8214230621040758 -0.07770083009653636 -0.10295495591021386 -0.18763925747066681 0.01934795682950389 0.05590141581324355 -0.004036035744743597 0.0031656117820232834 0.24891640161050138 -0.12812265106351853 0.007771721611305964 -0.10373751277290258 -0.11992035020186823 -0.2311248679051424 -0.06897010797579865 0.05924394704942691
the 0.1534896911916098 0.2523831869758093 0.8358795515940869 -0.4842963748883442 -0.15193506501952986 0.5320879622989649 -0.19713358812759899 -1.0 -0.4021255725906379 -0.552389757336181 -0.05183875334089553 0.39157626237936105 -0.4430257057461616 0.3428649023489392 -0.12983914853190076 -0.22974566177486125 -0.304232454045908 -0.1832692772183309 0.14205543813454347 0.08990391992632825
in 0.08648828717764606 0.4766105920141179 -0.22690744695030532 0.5166652297288636 1.0 -0.08761377711290723 -0.08307817697124306 -0.41211451208081157 -0.336319457522337 0.08890369034199241 0.08657603056713704 -0.36514290268881966 0.1376087339006434 -0.09148861909316067 -0.03701261493145687 0.1405495684051704 -0.2400072283370236 -0.06952911259668576 -0.22439206126946715 0.44855708027539476
of 0.1468776240668183 0.5779743248481937 0.018357629614201995 0.49719986194703814 1.0 -0.05504468702276123 0.17630779587607678 -0.29522154430814157 0.16920559097766735 -0.24477572335710626 0.0015274235673167727 -0.23576301313269193 -0.07655285140390732 0.19534932843019487 0.08866361270428283 -0.003999862848452276 0.09468499261211506 0.1566296577823476 0.28931891436311596 -0.27344873037000583
and 0.15745114327351314 0.38858393696378013 0.39834702844577574 0.20054956114917058 0.47915288098154574 0.17573346819873545 0.09562087622932257 -0.26459839473217167 0.034613612115415 0.2697481856394799 -0.03321376729723226 -0.49443801486970246 0.17610390896783332 -0.45022750234275755 0.4738942074474589 0.14031390693054688 0.21380845871163698 0.03528107787687921 0.5073857296325345 -1.0
" 0.053223679516775875 0.11367229644697811 0.22049224586795083 -0.09092712101626595 -0.15835559916769643 -0.35018533844077476 0.5619479523018622 0.6221098986860149 -1.0 -0.6552321106531083 0.27313120527857415 -0.23299009887127373 0.2560013728423526 -0.08077060180089436 -0.03278013299067909 0.07424745340797542 -0.21766153846329214 0.09571580569298158 -0.015475627509487793 0.0018013429952039234
a 0.09207161873878547 0.11953685810836609 0.4484976196401975 -0.17550177015192162 0.06774756249628099 0.20051997109212438 0.03446708810902676 0.17123066833691786 0.10786246079006809 0.3703986369208482 0.07432171850448581 -0.4270444777118657 -0.0054217820887658445 -1.0 -0.5204980522460999 -0.25185525368683476 0.2938892338786658 -0.4336035871446487 0.010093455810135082 0.6369350854951596
to 0.13368107800302928 0.21072282674933365 0.6130218257176044 -0.16893689988161686 -0.025365534295163545 0.175826533710507 0.3015773259562405 0.5460150491467922 0.8241053923864663 -0.02301363847153593 0.14224455009216153 0.011085244921573827 0.47300756362512464 1.0 -0.05275158306284602 0.4365612321005816 0.00839746657172312 -0.18855762233905568 -0.3841218031477212 0.19239317102441122
's 0.2214160335613676 0.29250018151190177 1.0 -0.28235719522820135 -0.005917683810210564 0.34423363193122075 0.4064746589577361 0.34284366418999995 0.5916333694396217 0.10380405251859687 0.2105983979587428 -0.38025732818385005 0.12661341948099927 -0.27924195132908625 0.3299266153674741 -0.16866556436557026 0.05551024961327511 0.12817526607569715 0.5549957022630405 0.07189328750999335
will 0.11147913706656043 0.15232743217191594 0.5632470652539618 -0.2214409552985018 0.023180250077341504 0.14264905184247245 0.2700556096412004 0.1995550001804215 0.3282303907744089 0.6597615580317083 -0.2575385022135432 -0.25100973264347054 0.7259089893600609 0.9611738490536205 0.03558434023625717 1.0 -0.5716934639079785 -0.07690419356345403 -0.24767695072791826 0.044053516964084515
Chrysler 0.03894559646307324 0.0051038014532149185 0.05405477128599028 -0.2476432918267499 -0.14440416748581428 -1.0 -0.6239127478024299 -0.10055933970896276 0.3428689406212408 0.07147698937851754 0.6918666510334899 0.14412454702603675 -0.26141589251098574 -0.3555809344492801 0.013986820574237975 0.3357636727845058 -0.6723644559021028 0.6961179298942282 0.11392960529260053 -0.2152548949864685
at 0.07490940220241482 0.22057834577299512 0.18096466352369958 0.17727017403175882 0.06927402949922165 0.05654769851548889 0.34038825730159683 0.3614874802574242 0.9933972216043642 -1.0 0.5113674300283454 0.22296755210619565 -0.069908318502026 0.36932687075557286 -0.0762960002113795 -0.3329530186189236 0.5237531123664785 -0.1929096759946089 -0.0028675052369664814 0.5646105447054951
said 0.14801094042104646 0.42411116428167317 -0.48130726185300593 0.22516754558371618 0.7854215265670157 -0.08265938022223385 0.2787072747240137 -1.0 0.10999415755011607 -0.13118040457747945 -0.1936607142669224 -0.7774505661267334 -0.3624471948265532 0.1441395932261326 -0.13157028028903167 0.0872607436975652 -0.2308641694094978 -0.26422580350808755 0.5856338590275988 -0.8108205586264668
The 0.03566105804572259 0.09152228792607603 0.1413771068300209 -0.1677513060009868 -0.02156425356626761 0.16395351830684116 -0.15918743739150687 0.12280976858164878 0.025518393362833146 -0.016104299651775195 0.12143004031985943 0.3463551356774908 0.03737273515805793 -0.060521419966009564 -0.13743221156608196 -0.3706688943739969 0.7268168007262699 0.21794514648195606 -1.0 0.3644576283235737
million 0.05080480179033256 -0.006374675298345575 -0.4529696083243896 -0.12069699487399764 0.06664864186424185 -0.06624633653020524 -0.13707467832445538 -0.14200628222805897 0.009668606144987 -0.050240021325606087 -0.004909523249308726 -0.11807062654499954 0.08186017337392286 -0.12178260423312141 -0.05053284001327587 0.3170797753909437 -0.22739729785052362 -1.0 0.21567127285639473 0.08150983851218473
for 0.15365983338744693 0.5687283552724606 0.07045297924688021 0.40927654630026 1.0 -0.029557726015099598 0.03586927093228404 -0.3950938491059193 -0.11532874751027293 0.1900735577244024 -0.15194875998473517 -0.2903632996322254 0.03262270870763877 -0.0038146966076263414 0.11452319451191342 0.007058663836667966 0.005995447825967994 0.2396596250392888 0.16589769699653772 -0.3137305290301294
$ 0.22098658305512064 0.29057979699766745 1.0 -0.36658859859703574 0.05486358227767077 0.3422371533580446 0.22161737862982483 0.2032681387759582 0.12775772740605607 0.5767614004460703 -0.05636342561480183 -0.3226925722242856 0.11600283937627354 -0.36843504511920383 0.21721141964546178 -0.0666897872170586 -0.06358471767227594 0.2100751230574324 0.34137149241176273 -0.22365669618414152
about 0.07350699471960248 0.15423448489284922 0.2568632692333863 -0.2151397235865348 -0.025986922131416627 0.2263266138121481 -0.05036415294470128 0.4117092477736663 0.20600378999787297 0.18584087043582842 0.13544372762197598 0.45085851478497574 0.1050090988634119 0.2615165370252458 0.07993555168114161 -0.45999498155358504 0.7402883097695286 0.3579144475378551 -1.0 0.26093790869872313
Tuesday 0.06673806843238075 -0.10714989371747491 -0.40226593870526706 -0.5169400461398186 -0.2265202341497007 -0.24167571639748534 -0.19244992705327732 -0.08252845154852079 0.3447463022401293 0.12877433213837447 0.4693701915107049 -0.3047158407824993 -0.042867937625639015 -0.14273922417649276 0.38553436179480227 -0.42318896739865747 -1.0 0.13249132506792477 -0.36332433412999426 -0.2913562836830912
was 0.24004901486652538 0.39148550907391466 1.0 -0.5174832090318262 -0.015384785729531636 0.46748740571563435 0.07759212966097542 0.531528590873733 0.18310777338087394 0.7183859339035659 0.025029150675391257 -0.006254088774482438 0.15048947694564485 -0.43316821318002413 0.243009789457787 -0.24115166623411255 0.25794067119240766 0.2626277638639749 0.43930966766868224 -0.8444009458821569
said. 0.028377242829789977 0.007708428561792598 -0.02343646664439377 0.5635652349180881 -0.7513457940915585 0.32250478469985766 -0.3525644304862414 0.1041091379341234 -0.5010961198049035 0.34045600148184124 0.44432785865679914 -0.9986618530672728 -1.0 0.8206037149547039 -0.07746001631503428 0.36058483050500467 0.616491099000897 0.8865487878108792 0.12759537355027295 -0.18669818298324742
is 0.0732997364417693 0.13625720259295251 0.23464403434817976 0.006597621861829356 -0.13471480270916833 0.08741169466014007 0.3598466235315511 0.5200641005517354 1.0 -0.9147697921142021 0.375533428282796 0.4385723993109079 -0.019503532824145346 0.06124744665627323 0.19447843663796402 -0.43547290875250044 0.3880401420123971 -0.026321330592097115 -0.6037575526655221 -0.8875145344608277
from 0.13322024798469762 0.3891667778538964 0.04196439034219493 0.990617198869309 -0.20405120956798564 0.3322039580734427 -0.20814357299616215 -0.4872884968102434 -0.14129713654177833 0.14197992968882778 0.24218436192701628 -0.9885154612560657 -0.5993831229055365 0.5934125895276128 0.6630144334412696 0.6229483206824228 0.7730938555682387 0.7575582155816435 0.2027668661608696 -1.0
plant 0.005084248556802349 -0.15438284838217 -0.28677370591453233 0.04103661728256273 -0.09287067059608238 -0.02755738514603916 -0.03597172385745603 0.05433297950481675 0.040120668391493176 -0.1110809303155153 -0.29471214829548303 0.43386198774587653 -0.06797305648920883 -0.14161882102369633 -0.06939780641379084 -0.4901124813401234 -0.7642508177452116 -0.412418046809076 -1.0 -0.76823272670818
be 0.12750559067334283 0.16563579416289578 0.4238513772540707 0.7645666784832508 -0.972075931100228 0.5059271377173599 0.11081698944641767 0.2444950084671394 0.8798509615027199 -0.9706188884741909 1.0 -0.7929362447697001 -0.6014776578194924 0.5966879188992935 0.5174974918051424 0.24797634557048384 0.8287008016858549 0.2686809415973628 0.4072361051854766 -0.047581322994381704
on 0.029394503623835277 0.17559437380163467 -0.15757906635552152 0.2837424486116428 0.4942194136837398 -0.030245675880604613 0.10550206994845793 -0.3587626170503686 -0.17264197492034383 0.20047731180811912 0.30076783366492715 -0.0679074785986575 -0.21481710061730347 -0.0015114173726435405 -0.07236422429671432 0.22826453482318182 -0.5419221292540075 0.09268951394799137 -0.9457928919715164 1.0
Mexico 0.08313456250658924 -0.14604384205041795 -0.7438779726655393 -1.0 -0.4683154525653747 -0.9231681504033578 -0.37786147260269776 -0.559314082655076 0.7610657440559856 0.12238857290020605 0.9169124547302636 -0.9946711031617392 0.08356949377591757 -0.19456112371357728 -0.0996245544070674 0.015295816597064091 -0.8552668051933489 -0.011553821007984634 0.16676459057182436 -0.6956610366344014
. 0.22098658305512076 0.2905797969976675 1.0 -0.3665885985970357 0.0548635822776708 0.34223715335804455 0.2216173786298247 0.20326813877595817 0.12775772740605607 0.5767614004460705 -0.05636342561480181 -0.3226925722242858 0.11600283937627373 -0.3684350451192041 0.21721141964546176 -0.06668978721705848 -0.06358471767227591 0.21007512305743253 0.34137149241176223 -0.22365669618414138
that 0.15757403707765222 0.5919122271559033 0.08972805731249789 0.4603052113358852 1.0 0.023194122691551734 0.07974865060025704 -0.3038715125863176 -0.31010358397377286 0.0927269807948095 0.0011770843856669336 -0.568512890166962 0.26371645739023625 -0.3408342081585415 0.4422730746656166 0.3498042664894092 -0.2804521030838622 -0.07573866322339909 0.4616833474295584 -0.6137984169544073
Corp. 0.011993203303998149 -0.19877445131141847 -1.0 -0.6122096457089093 -0.4921915698271706 -0.3052078944555956 0.16975461057838634 -0.6763963216821749 0.1850508779789294 0.08571942852504656 0.12004231867774882 -0.18576057798889978 0.133937529920217 0.0956077534420665 -0.8511880269557331 0.06171098864743563 -0.22122753494093741 -0.36832464426642064 -0.43883467744231397 0.9253926975087775
Brazil 0.011586165128132526 -0.20148724502954032 -0.8893344291200188 -0.5840476931686217 -0.5122889073667509 -0.8551235051293009 -0.5192909636438404 -0.517103664957222 0.5316582417548813 -0.0854873762371586 0.44200916639843735 -0.1383038281738909 0.5509296663634077 -0.2402637391903029 -1.0 0.26899384004155247 -0.37843411625847684 0.6107950908039267 0.14781470043670406 0.18576187247432652
with 0.18571526656635604 0.273221032757424 0.8227041620906808 -0.10680714994779783 -0.07850646338423238 0.2369104139554332 0.504240157471118 0.5296857691064916 1.0 -0.5532403788672199 0.43780638114154025 -0.0880260090558961 -0.006745761843249742 0.054718473698957014 0.07977220769831114 -0.23342114067102984 0.1617124471974704 -0.15213301986074548 0.4844064186907579 0.3137349390994581
it 0.03959822498192673 0.011920444176188089 0.1518131731027435 0.031550363150320226 -0.1608883836194008 -0.6109640134016272 -0.2949954459718894 -0.12651015698386364 0.3304809605582332 0.1721001422541955 -0.007889385761455993 0.43284288364771384 0.22720733157393036 -0.3901683704001985 -0.7454675001878919 -0.12380879991262546 -0.7006163173399643 1.0 0.4389623172975107 -0.09626385979474147
Jeep 0.08893634164377927 0.0825371832011199 0.3396927496436613 -0.06542571582527637 -0.12147445417003479 -0.06413869996212664 -0.05016664169630015 0.0800003704765711 0.12780839165584568 0.3236215166857499 -0.38400391181993043 0.43940163954278827 0.47970231903620225 -0.7954217734708086 -1.0 -0.08070875624921599 0.7970763167376994 0.9675533742781572 -0.3183976232841741 0.24429691467545095
market 0.14187716919041538 0.2587308429739576 -0.4502781572801395 -0.3089310502881325 0.40111719811505775 -0.8088082372283621 -0.6217484836553537 -0.5486891190144444 0.5568904822333383 0.02985090197180447 0.8985652400750831 -0.8709497876825191 0.049007748025582026 -0.19273716221192672 -0.025949592226207782 0.07567089493440964 -1.0 0.3074033630595037 0.32371802174039577 -0.903705157019784
by 0.2576533700926186 0.6971489354357229 0.5436361775676144 0.26925475480293615 1.0 0.10814100503272042 0.19508929282742724 -0.32257806025209507 0.02371111822378958 0.3999110207281228 -0.21945942034042323 -0.42642166500640893 0.05227076736188346 -0.1738866727624135 0.2244129546855923 -0.03146457455517435 0.06603412961434146 0.30825464254860535 0.46160816047677955 -0.6572667035571973
year 0.01456087144026094 -0.022064115427138164 -0.015223946924819935 0.08293981198923706 -0.11792199434123984 -0.13213075570051844 0.07637110682805212 -0.0806726420288703 0.15362264015750043 -0.04851431230044057 -0.3485998683423492 0.4906081036387847 0.009330962670921641 -0.4156993687650282 -0.9311851507451937 0.5545072322009661 0.12052767918635138 1.0 -0.10899604402333989 0.24087248579062956
which 0.058031861602776735 0.026987490232855092 0.2729019065157319 0.09356543810872274 -0.11831151204502521 -0.32142074020909744 0.22394472600076795 -0.17083742331614288 0.21428297176411604 0.25755729322391707 -0.455639604052783 0.198837293257432 3.576378915143286E-4 -0.19691945757397197 -0.5769150300389219 -0.7475086139312532 -0.8210012955679199 -0.024090652272493365 -0.37761245904056334 -1.0
he 4.51612284931377E-4 0.023942245131360188 0.08160579760341354 -0.011352672041864324 -0.11246748990577504 -0.8537653385978756 0.15139578055338518 -0.04561900443859616 -0.12307088559971628 0.24975788147962472 -0.02652077503571332 0.33905463364101524 -1.0 -0.03237989273943652 0.9231975680987542 0.3100994987225826 0.6333039639052146 -0.7258313331184496 -0.5176321458090245 0.4795446251172223
Mercosur 0.21232963711416358 0.2623254779982956 1.0 -0.35070045941417477 0.13349501286707283 0.21826167415067252 -0.2895379642324661 0.4329491433386727 0.13308480318874122 0.38121834536441573 0.04584704680853376 -0.32495467662064936 0.4042895288691956 0.28913010099368447 -0.2733593027394142 -0.09404745085728242 0.08897089384489344 -0.38743039973318016 -0.4537138770800796 -0.6361084337069299
or 0.22104517610230542 0.2817987340925105 1.0 -0.33338331469911464 0.1708964309528264 0.21646661701604936 0.27490371208833103 0.35919204736321975 0.4866604106521217 0.4631125423795014 -0.17018765195938088 -0.33485210682369165 0.09228090405595174 0.445944892204757 0.1242526336193559 0.33493667641696817 0.06733387093293637 0.1268309356343535 0.13711294133678872 -0.49424310858840437
rates 0.01985805992076458 -0.07314830818272115 -0.02380156278475598 0.04978164529847529 0.07015578743727245 0.19665835625358624 -0.07902844773414204 0.28407028548967517 -0.01415023093712027 -0.2103837190162633 -0.2296184653680728 0.43459931741236096 -0.5157787377743323 -0.5717589967243665 -0.17068712065906116 1.0 -0.3468303306659952 -0.2940502982195725 -0.31951017616766536 -0.6227152330473623
Argentina 0.011399180009395658 -0.2191160154705051 -1.0 -0.6831304218342267 -0.42332512341089135 -0.21456921005383706 0.22069328728198412 -0.4934663753990944 0.30874187535243636 -0.05025640551822728 0.16510415458864108 -0.8126849516987146 0.18055696568012994 0.11233297539192622 -0.16648661808545803 -0.14574600560312465 -0.0035138021515916645 -0.8999895184858385 -0.032218535210044995 0.02827353933541981
one 0.14677218620553326 -0.1564688381920941 0.8021955063573535 0.026797928944979583 0.4921752943478798 -0.13344557350364153 -0.3784815152670708 0.07440250420567332 -0.192436302481909 0.007160031007216941 -0.2268024087576878 -1.0 0.4840235271101622 0.23141092162717403 -0.3342175654721243 -0.6210992364184286 0.8442317153968258 -0.5087774029862994 0.05801989019686541 0.5786898293821614
has 0.2282406260402142 0.28929144371580773 1.0 -0.40052447414897213 0.015377537887454225 0.45964168773689845 0.24113894290074375 0.30842748636081035 0.13223246306631764 0.7772233318019981 -0.09686162913504676 -0.5161618016727018 -0.24208404591007116 -0.6438401516447606 -0.09639704741674908 0.36999328911155 0.13993717774654213 0.6890914850898644 0.8094071795974195 -0.2055590414519984
We 0.22098658305512064 0.2905797969976674 1.0 -0.36658859859703546 0.05486358227767067 0.34223715335804433 0.22161737862982475 0.2032681387759581 0.127757727406056 0.5767614004460704 -0.05636342561480165 -0.3226925722242857 0.11600283937627376 -0.36843504511920405 0.2172114196454616 -0.06668978721705845 -0.06358471767227614 0.2100751230574325 0.341371492411762 -0.22365669618414125
its 0.21603606722798918 0.28283674057514885 1.0 -0.38125429683342277 0.05321325147377792 0.370826842516213 0.26521839501821953 0.2762357086600919 0.23650784806566294 0.6435940392947735 0.03075016146033774 -0.4581827605760682 0.16177317661641336 -0.5724043341917578 0.42020001391636147 -0.2465134132201624 -0.2690991697894581 0.1672268299610757 0.6332637539727713 -0.032735612335315786
% 0.19001173639040708 0.3579196981627883 0.4845030267382645 -0.602264493149558 -0.1296647760574659 0.49388415249229206 -0.1162453322115469 0.8110368003503468 0.19633576542358863 0.5541326139827631 0.14037742149551016 0.6988506957846006 -0.009064890680161244 -0.055367851854490856 0.3610877539072615 -0.7886389168155026 0.5525813692374785 0.5221621563877451 -0.27104744360967564 -1.0
automaker 0.01929029472837716 0.011672306031249626 0.11429323824739165 -0.12758913369821792 0.015159341594267536 -0.5341610354010929 -0.7345398480333362 0.07238861164878972 0.3678722255630416 -0.09686060370902957 0.7952274110015983 -0.08455239606345985 -0.03288146376006772 -0.3567726786916022 -0.021745151783093025 0.0631416761783649 -1.0 0.6643156995132024 -0.27376264967130637 -0.85936487793368
8 0.22098658305512064 0.29057979699766745 1.0 -0.36658859859703574 0.05486358227767077 0.3422371533580446 0.22161737862982483 0.20326813877595823 0.12775772740605604 0.5767614004460704 -0.05636342561480185 -0.3226925722242857 0.11600283937627348 -0.368435045119204 0.2172114196454619 -0.06668978721705864 -0.06358471767227614 0.21007512305743253 0.34137149241176196 -0.22365669618414122
investments 0.08873816863053659 0.004636927288298996 0.39715292351812387 0.14195601144899267 -0.056381324650775555 -0.03983497822548253 0.2845327500187125 -0.058941208913285796 0.1919559881600015 0.27199849047652935 -0.5216819988316083 0.007734186464476399 0.2549536819343424 -0.39148409588272026 -0.44664637076735036 -1.0 -0.6136076543228081 0.06426349341141385 0.31901056804837913 -0.36334220190688093
Eaton 5.266720509163794E-4 0.031152803451718378 0.08539574075932174 -0.001484133956851018 -0.14969592246696378 -0.9565180863929897 0.22199214572550136 -0.051914326063554894 -0.20690053797424415 0.23877206783812774 -0.08264355974402442 0.3689769696563117 -1.0 -0.004323680953600361 0.9000723941334171 0.2947031560577574 0.6959022704731189 -0.7724088172448386 -0.5355407057076248 0.4653664393407112
South 0.018209447148578212 0.0045921820869008825 0.08753211886463083 -0.08039999761068409 -0.05239218118329273 0.03280518330006062 -0.04671043381120949 -0.4481755069372482 0.041363707247536324 -0.3829345013612654 0.07750624202302944 -0.235892021004165 0.9034005897757299 -0.5278198802668638 0.8388629418379957 1.0 0.9485824421381691 0.9396735038866756 -0.5974288257146843 0.54709859667155
markets 0.006679005380893938 -0.17746640843912326 -0.5133559459572039 -0.26146634655737644 -0.1389458733265804 -0.005707901659474871 0.3637411237532621 -0.27315294830194303 0.35807271167059634 -0.350079928956334 -0.06600341998670073 -0.6529988087289916 -0.5753346147145467 -0.4193326926318805 -0.73576763676263 0.718707796603078 -0.25424932911893006 -0.19207014867071098 -1.0 -0.45573903241249086
into 0.03626316628691443 0.3148810167931427 -0.24324359062053869 0.45881880322456675 0.4734748652537055 -0.12951061584541668 0.1934390735810289 0.1724718340433639 0.48014532170315044 -1.0 0.4735794146032913 0.03004418895311991 -0.02744686224632634 0.4057095965210202 -0.1485235485568177 -0.05134038860904666 0.18000967874186669 -0.19905447142107507 0.15929751515202775 0.47138830771686263
Cherokees 0.07700285230434677 0.11695600467300576 0.21859373026708254 0.16408224204649108 -0.3319429367131027 -0.21494332808057592 0.31444807777884076 0.32304812681223505 0.9858175203182137 -0.7222884508029522 0.04184832670524258 0.942928090391723 0.3471134018223739 -0.07401268365346117 -0.9940048031689634 0.13984586738077764 0.4917309089964942 0.8688209859708396 0.540279463183335 1.0
interest 0.07158682948134806 0.16234604574531622 0.10776051723436919 0.018147159218362394 -0.3949070492520725 0.3116820947545736 -0.21514973433329015 0.529578621193957 0.03818552715075031 0.40664789722570116 0.11996180420700597 0.5546932631521909 0.4946226916902852 -0.48965462034093293 0.2475171844313686 -1.0 -0.3830755905060542 -0.18739373660487738 0.7008503847640699 -0.04900211072738882
now 0.2187160945507044 0.3022325614170932 1.0 -0.3876781916153917 0.06965974841914278 0.2899355908506438 -0.04648993701960285 0.3429695870654697 0.12005378060771714 0.598209889611079 -0.02922230396873056 -0.3280308600551887 0.36121494141992855 0.012361201581287229 0.03664998135141788 0.07749130089268427 -0.04776074308931828 -0.093666808989475 0.19856959727493664 -0.25683726099270265
major 0.2261161786968841 0.2866636366562438 1.0 -0.38888252003159235 0.07391179226999316 0.4134211438672748 0.22926012065308504 0.3025183152440253 0.11777606020969743 0.6476663812105726 -0.11566903665252586 -0.35837671238765206 0.13639954800342186 -0.5106546166431983 0.228981663381954 -0.2506839745860265 0.23849340680910072 0.40571858722692505 0.06717035566758532 -0.5569473890371924
percent 0.0340597957664457 -0.19160521140696318 -0.9370679157939423 -0.745990623222666 -0.4355008284468668 -0.21160521083651598 0.249597036021905 -0.48454887937995433 0.31826922203943553 0.03676838748298501 0.1571566330030787 -0.8716572828004002 0.131620445713639 0.187658534693524 -0.21256670662700536 -0.18408091876066734 0.007786390462195666 -1.0 -0.07387064876723437 -0.04635072768514077
America 0.0340597957664457 -0.19160521140696318 -0.9370679157939423 -0.745990623222666 -0.4355008284468668 -0.21160521083651598 0.249597036021905 -0.48454887937995433 0.31826922203943553 0.03676838748298501 0.1571566330030787 -0.8716572828004002 0.131620445713639 0.187658534693524 -0.21256670662700536 -0.18408091876066734 0.007786390462195666 -1.0 -0.07387064876723437 -0.04635072768514077
as 0.08885264086987012 -0.05859341763740661 0.2298060480709334 0.011956315242183472 0.14211289033822624 0.3222247893201275 -0.3344755927035228 0.5249733491358828 -0.257543403820041 -0.023532380818806372 -0.3709954332963664 0.8268617412229807 -0.23743367814314237 -0.37893273849241804 0.215663435079705 1.0 -0.12833150681121183 -0.7801945614530201 0.5659761877663099 -0.0037580646127594918
company 9.973622199246812E-4 -0.01845393955021462 0.07521045451417524 -0.12368356986394541 0.012342143478803571 -0.9525914533088168 -0.879968803303005 0.01675252550425453 0.4340543552589681 0.018776548038638197 1.0 0.02171913012404141 -0.5597235861379727 -0.35491660893643817 0.5142930973692859 0.37705558837190806 -0.8515088174891356 0.48710339159040683 -0.13049922319246252 -0.25817552644429
been 0.07101802957118522 0.44117248045598595 -0.31149345109307747 0.6194857416500086 1.0 -0.1809660309766993 0.052022587264737755 -0.5452773680135563 -0.09096045143871512 -0.06935991296324326 -0.21417530614458868 -0.20099800528050668 -0.051551968374695514 0.03575998239169651 0.12964289660148004 0.034004645024037695 0.05446253335957759 0.11868695562734292 0.2879461037966538 -0.5881687026185369
an 0.21571793836515835 0.2863361948058172 1.0 -0.36642367378384316 0.026232186343400805 0.3772410084031065 0.24295107877991876 0.23926121086137353 0.18565982571389703 0.6564281382021828 0.035028044693640834 -0.6158150534008867 -0.034462128628454505 -0.2963975061699384 0.2541081700278223 -0.055146517262937386 0.1010966751684501 0.41024784156638044 0.6611238867476578 -0.3031660680219683
; 0.0012481183351522086 0.14366444384150215 -0.20950433794375428 -0.21379361026749796 -0.1510243656983112 0.1500754385686651 -0.4143052450047281 0.5856840669467742 -0.09075965289401229 0.15791415568232492 0.14727453306290855 0.8877665267997649 -0.06057775164896221 0.142740157510107 -0.2054192924318948 -0.1298239100633732 0.7634520343049289 0.0592520590069774 0.24581998794378185 -1.0
under 0.07782965643707022 0.5503859603964723 -0.44512451855529933 0.5591618472787006 1.0 -0.12105998268134849 -0.12155676780840619 -0.28973878220037974 -0.08246437156985569 -0.06716924221939478 -0.13156768310989844 0.24753726935078307 -0.08990324476994649 0.25309188499852603 0.11006213232573436 -0.24998626611315694 0.3643639240107235 0.3070481091482686 -0.022195774611941284 -0.8211922653030076
back 0.001321706319295619 0.030050434503365576 -0.10859396074456323 0.09944526924410572 -0.2148506689917648 0.11118115047379071 -0.1280838847366795 0.1917708441583872 -0.009982580187906105 0.09836621212136518 -0.02557471150103357 0.4174128956374452 -0.11340360306161867 -0.4620555368601376 0.23510111834214842 0.173299356960897 -0.5025129859948256 -0.2581369834494361 -0.48733734574911963 -1.0
fundamentals 0.04572041158173636 -0.17881060941410054 -0.8960181238108977 -0.7727372961351846 -0.4373727439516009 -0.196385079075481 0.26360416119585073 -0.4793622862424539 0.3282164073287042 0.06664219476687329 0.15596324954003682 -0.8975096826152821 0.1389627364639302 0.17084227448381653 -0.2037471247893084 -0.1894660350652699 0.0046200978256266765 -1.0 -0.057215877150801106 -0.058279786734133344
have 0.08024859886394604 0.13652302032719582 0.3442422771170251 0.08189676712983807 -0.11320223938446042 0.07011311918637277 0.42019361493277785 0.45718790200860693 1.0 -0.8994005560796615 0.49784665329444866 0.07849142004732239 -0.0692283995746263 0.2554428911571052 -0.030912659389411432 -0.21370913469073957 0.20675457524867913 -0.2748430897225036 0.33497759264423327 0.45474500126338735
Dakota 0.19025799348426387 0.17359765566081975 0.943703466662059 -0.28722240566497903 0.17769527048019862 -0.2659964396945849 0.052696970949649855 0.10338676313424283 0.08443914681396324 0.7598443084021939 -0.609489472258504 -0.4747579742058095 0.6129275247701282 1.0 -0.49506801740737555 -0.09699538194233977 0.0819650395901623 -0.6498360779478577 0.34522981670422176 -0.2680712670211436
stock 0.03645809449143005 0.025141742881034414 0.21791425203043663 -0.05841542055949375 0.11820930410501715 -0.09294828559492835 -0.6424247493713164 0.35466032372530715 0.03503864583327988 -0.13855055170037572 0.125833441860374 -0.07337606616044669 0.4148371591470032 0.808272970283047 -0.6155691097744158 -0.051500751264309814 0.19229062670906535 -0.7616239761585003 -1.0 -0.6060792698865629
new 5.968553507395974E-4 0.011587353942065406 0.13699670263450517 -0.16950592330602243 -0.05811171571788033 0.1549624718771832 -0.0840023133522058 -1.0 -0.32197632033218815 -0.6881610365848376 -0.281557273893246 0.3902369440443744 -0.08093054771302503 0.2095828226827985 0.035720023702692415 0.034076341563456895 0.18747310305283252 0.04944599129912966 -0.4897639442891385 -0.7789428321210303
since 0.1378908313096016 0.5549816486689352 -0.025990455223963545 0.49405772671870263 1.0 -0.09151218908268482 0.0664466311565652 -0.4522137037314805 -0.060277901317625185 0.0846580875479031 -0.20079193023725067 -0.23372085165241824 -0.008010057535910142 0.044486493784482654 0.0975568082632139 -0.0019466355467277028 0.10923170928248725 0.19530358918099236 0.27424693681703416 -0.5506810776720127
total 0.21560952485830212 0.276129089522313 1.0 -0.35023637613087977 0.09446844667313334 0.16802985388754596 -0.15378430230522686 0.20399618332289254 0.12897623756485352 0.4616350264841744 -0.023870945241535386 -0.3423842661828611 0.39180187732054245 -0.20361368781730554 -0.49017116489878054 -0.2322252873367198 -0.14703968255765243 0.1474525892890535 0.42470549082289233 -0.0281581482177572
United 0.22098658305512073 0.2905797969976674 1.0 -0.36658859859703574 0.054863582277670644 0.34223715335804444 0.22161737862982475 0.20326813877595826 0.12775772740605612 0.5767614004460705 -0.05636342561480149 -0.3226925722242859 0.1160028393762737 -0.36843504511920416 0.21721141964546176 -0.06668978721705837 -0.06358471767227614 0.21007512305743248 0.34137149241176207 -0.2236566961841413
engines 0.046336328779421516 -0.1615750504365589 -0.0028266392030958255 0.10761747212637471 0.17230148321545796 0.3397769191253775 -0.3441838959634851 0.5808343050047469 -0.3271572070201391 -0.1059718467202072 -0.47855783194168483 1.0 -0.30758631071867626 -0.48120910850990095 0.25833046991185565 0.9089232596779998 0.0671227089451098 -0.713684864339114 0.38377868961986233 -0.1518889091039268
Brazilian 2.930122382150964E-4 -0.012234078410361539 0.0697425716374885 -0.025077723290956967 0.05232803323021422 0.02234318977719822 -0.249520074299367 0.08765259506784251 -0.05619639885014087 0.015636230006473267 -0.07140703247141651 -0.2119103833447019 0.1033075856153206 -0.5108359551502724 -0.7233527173657679 -0.4201337439802331 1.0 -0.30361206539555274 -0.9813085568183043 -0.04919670795018545
suppliers 0.0848716432392785 -0.16821583292466893 -0.7819772765297484 -0.8793094752742147 -0.4408980577419192 -0.17956511987292526 0.3625640616306774 -0.4486569942247051 0.4477986592779215 0.24946251054702626 0.2465176313370353 -1.0 -0.07715535668511318 -0.02067699158927387 0.21206217589139892 -0.1913994920932084 -0.0729016502934986 -0.9944980232102906 0.03999903128941878 0.028142114273446053
we 0.22098658305512073 0.2905797969976674 1.0 -0.36658859859703574 0.054863582277670644 0.34223715335804444 0.22161737862982475 0.20326813877595826 0.12775772740605612 0.5767614004460705 -0.05636342561480149 -0.3226925722242859 0.1160028393762737 -0.36843504511920416 0.21721141964546176 -0.06668978721705837 -0.06358471767227614 0.21007512305743248 0.34137149241176207 -0.2236566961841413
diesel 0.08191207787985996 0.16065144586305566 0.45318944171402215 -0.3179803840170407 -0.09787921918064404 0.3926202333006403 -0.08135004934655572 -0.268957970418719 -0.18109231854966348 -0.12436112903658939 0.17734087874295862 -0.31652196078479605 -0.8368944749754663 -0.01968741328964403 -0.8039282934946538 -0.13716876942309858 -1.0 -0.5064935919739685 0.5592867457317218 0.5153350334329624
small 0.09358218290509042 0.11816424008980304 0.47083127952010606 -0.1738527791702312 0.06600352558480176 0.16272850027349892 -0.09353989660308155 0.2319629405739912 0.038626526836012275 0.3373993954980629 -0.08277909789025185 -0.3683216872926124 0.1898320781255272 -0.6947082406995323 -0.5163198005129958 -0.4450639474874158 1.0 -0.09971530426820537 -0.8332675584987635 -0.18279256982583944
trucks 0.0029813661261254114 -0.11046197570953503 -0.10023418179610233 0.14990818193994282 -0.017026174233737493 -0.009844741595697004 -0.08807490277218379 0.10365187143314608 0.002998181935920088 -0.2159021192743271 -0.4084631664359163 0.6798364003517404 -0.22153510626047668 -0.5055750743773209 -0.6954778851256435 1.0 -0.03746959369244267 0.28296843883429007 -0.12401553797441589 0.0981265658101251
recovery 0.0877794612492651 0.025139181833100255 0.29841553175272173 -0.22551994438047462 -0.004190385573659348 0.2786335820911022 0.13199675046385287 -0.17981057645510873 0.1750054781132749 -0.07636946477908535 0.021919640463314353 -0.485887490699254 0.7794946512259083 -1.0 0.6890400433578553 0.16082363112020837 0.47512495139617755 0.9158608474280877 -0.028440663492563 -1.3244592450374555E-4
built 0.0037622604572157903 -0.1524222112486082 -0.1485571620491603 0.12665012542654008 0.11125730809279079 0.13542109518537654 -0.4835568230275982 0.4506659596682515 -0.24955453950384254 -0.26166890416951766 -0.22736904946139475 0.8976026315567146 -0.2613950919509391 -0.23640182215838462 0.05208930046247035 1.0 -0.17347195754220357 -0.9008341151892981 0.47690014247695145 0.08097256417062743
also 0.08610852141064185 0.028573393825247363 0.41815294883823995 -0.029332711653943164 0.11101450921905967 0.22800804005435438 0.4041058753213774 -0.019501368962181957 0.3251004187844016 -0.19463682163615795 -0.18545482456748158 -0.44092718876153253 -0.6888294004521702 -0.7988916758641804 -0.690536780184992 1.0 -0.3542046885733152 0.4117799568604962 -0.9115769322277836 -0.5951671581284032
growth 0.22098658305512073 0.2905797969976674 1.0 -0.36658859859703574 0.054863582277670644 0.34223715335804444 0.22161737862982475 0.20326813877595826 0.12775772740605612 0.5767614004460705 -0.05636342561480149 -0.3226925722242859 0.1160028393762737 -0.36843504511920416 0.21721141964546176 -0.06668978721705837 -0.06358471767227614 0.21007512305743248 0.34137149241176207 -0.2236566961841413
after 0.06921937170072703 0.4712805248342721 -0.34821391024830417 0.6207346561953702 1.0 -0.2032474833809726 -0.0036890121229797277 -0.5256012047614012 -0.10244991614358526 -0.0994288547649284 -0.1862007850564623 -0.1340157036823684 -0.04547707237619184 0.16382119116477484 0.029388039757301997 0.01947741564754593 0.13161930809533717 0.13115656823566388 0.16924698629330318 -0.48843752269612
were 0.25997161956450765 0.46829469405406676 1.0 -0.6190424726095647 -0.05438186677661427 0.532014945325239 -0.040689686489282895 0.6443423482109445 0.12865097427812072 0.8750137382096917 0.03386791851688141 0.06444097001154675 0.24869127152199114 -0.4511918353910466 0.2279382318030165 -0.2883563080298674 0.3956840013276608 0.06841695715454169 0.5690446752905384 -0.9749077121304845
up 0.17054098747024254 0.23552869018280218 0.6852040624213188 -0.3819928511529519 0.05783209703852742 -0.06596440762648892 -0.75004868996448 0.5664105379707168 0.3426840266903333 0.087418656952383 0.7391976230826676 0.08662960390126587 0.03237459123296332 -0.47347845309184994 -0.4300796465539447 0.5893857252161412 -0.7509502220142277 -0.9196945675367194 1.0 -0.11204676149546335
first 0.004354719521079705 -0.09419073837171216 0.08974723055221444 0.2844175707995026 -0.0701416849495102 -0.24981719868845503 0.05556881103053345 -0.19934233027654447 0.13252441913062366 0.024917410151507554 -0.3902961119637825 -0.22607783779992494 0.13142517514715268 -0.3082793504723013 -1.0 -0.704942223118156 -0.7630768676756237 -0.632434139383106 0.29299209076462496 0.44703008534226335
Paraguay 0.0018612529652435304 -0.009314002468626818 -0.0912941424498687 0.07787234682696977 -0.20106564588790518 -0.2491532641255961 -0.06911716749127644 -0.09216049221234168 0.04653131267789667 0.10419572460876876 -0.37575761618556613 0.7727743341389158 0.36586489841260467 -0.2776467934373776 -0.8576254388372534 0.30152926326139534 0.2654543070236777 1.0 0.20223840451193636 0.5114008565712168
Inc. 0.011279042531364969 -0.21286120845812168 -1.0 -0.6828279373476068 -0.4248195033253349 -0.23715743309874995 0.21882334656864244 -0.48651947324074174 0.2941118198198746 -0.02076982531018745 0.15686411578973858 -0.8081463582616 0.1154765751277228 0.21664402956168874 -0.2259041711948433 -0.17081040031652867 0.013693963774446103 -0.9836657718036594 -0.1044069936562865 -0.022857575357979217
record 0.22098658305512064 0.29057979699766745 1.0 -0.36658859859703574 0.05486358227767077 0.3422371533580446 0.22161737862982483 0.20326813877595823 0.12775772740605604 0.5767614004460704 -0.05636342561480185 -0.3226925722242857 0.11600283937627348 -0.368435045119204 0.2172114196454619 -0.06668978721705864 -0.06358471767227614 0.21007512305743253 0.34137149241176196 -0.22365669618414122
grow 0.0428859961803454 -0.02718457063746648 0.22220173087396952 0.040924849331263946 0.09914421332241721 0.15986687715126252 0.35672026693721925 -0.058003475321466234 0.2966121802449766 -0.302113271861636 -0.17235221553188781 -0.3738049795217532 -0.7021862375210297 -0.7184983971988083 -0.7231658151343926 1.0 -0.3375800614832729 0.36649714338236966 -0.965065056458079 -0.5449637434864665
investment 0.011066960867467302 -0.17102403873309913 -1.0 -0.7012911093840151 -0.43648113976244474 -0.19344404386042915 0.1328505434631098 -0.3619089929121359 0.27593310927978315 0.030876924661053864 0.17544295842878752 -0.6602836578983144 0.13914608135935785 0.20220522391227078 -0.22279496155297643 -0.21686192869912163 0.13275345146606748 -0.9859659055820436 -0.056803412483789256 -0.20329378491810862
economy 0.004447297620842829 -0.1803700941244436 -0.18238768923915066 0.11331157295114917 0.09850427393222118 0.2194462418205359 -0.37503596281256524 0.37793430756719953 -0.23796136038363908 -0.2957562504539766 -0.29781082812164217 0.8367169968588003 -0.10535675389842379 -0.4528610029333294 0.251094081398992 1.0 -0.13547493833256652 -0.6415409249101564 0.5655016560943319 0.19356057743892058
trying 0.00267776664167366 -0.11372501198937557 -0.11892584383602782 0.11577406106221488 0.03906104105994891 0.16686168686066907 0.054533128605364946 0.16418812073774278 -0.06788321706399401 0.07157489545083401 -0.0565079254584713 0.46258631284429674 -0.13534954632437526 0.11158588502883875 0.8798711902310411 -1.0 -0.888465269232028 0.7361955267145118 -0.8313565435803842 0.5082757856492591
: 5.434199995315045E-4 0.06573637243924343 -0.07609357037800482 -0.07381424768880483 -0.04084095904375068 0.08724410617787053 -0.15938698735622614 0.20933084647365227 -0.014297493202354012 0.1224411773805909 0.09232889692977755 0.12717307685624676 -0.04744498492550701 -0.03487269531466184 0.0875837687297763 0.030211874126057893 0.46940701356646314 0.07142420054885687 0.4447206629420434 -1.0
assembly 0.22098658305512064 0.29057979699766745 1.0 -0.36658859859703574 0.05486358227767077 0.3422371533580446 0.22161737862982483 0.20326813877595823 0.12775772740605604 0.5767614004460704 -0.05636342561480185 -0.3226925722242857 0.11600283937627348 -0.368435045119204 0.2172114196454619 -0.06668978721705864 -0.06358471767227614 0.21007512305743253 0.34137149241176196 -0.22365669618414122
<OOV> 0.10633082329977354 0.22392193177929873 0.1740373936123206 0.9507034723638669 -0.780929757422105 -0.07387044897833198 -0.09787963408090913 -0.17838929362914058 0.01839416974095554 0.05314567012370702 -0.003837073197112423 0.0030095581133255038 0.23664568733942248 -0.12180664925455113 0.007388602722113886 -0.09862361360758946 -0.11400869334400707 -0.2197312144670589 -0.0655701211419026 0.05632342617643123
, 0.1234319886134476 0.20295928944266833 0.672190259121551 -0.38945719524660616 -0.12218180302456144 0.4278898132764532 -0.15852915343166682 -0.804171196483551 -0.32337780284684636 -0.4442159320822951 -0.04168723229836363 0.31489435143216765 -0.3562685118628604 0.2757220787541623 -0.10441290342530413 -0.1847548437163954 -0.24465497657922478 -0.14737987393934074 0.11423689165165088 0.07229814285571676
the 0.06744687062297276 0.37167914854282325 -0.17695109612254933 0.402915285318749 0.7798382049633793 -0.06832457067379118 -0.06478753640088415 -0.321382641340459 -0.2622747620484768 0.06933049429091949 0.06751529627033082 -0.284752385787967 0.10731254803236107 -0.07134632048818877 -0.028863851189148096 0.10960592313346579 -0.1871668061245804 -0.05422145836009611 -0.1749895022684139 0.3498019483055783
in 0.10208774971727232 0.40172285324597434 0.012759527595602102 0.34558031142184387 0.6950531121801783 -0.038258981024154065 0.12254328222529476 -0.20519465315401217 0.11760687260731398 -0.17013212830551105 0.001061640504080873 -0.16386781601485376 -0.0532082976145525 0.13577815868771473 0.06162591994724977 -0.0027801171211106275 0.06581109879180776 0.108865931101337 0.2010920118406742 -0.19006139106539097
of 0.14897682281516228 0.367669609266087 0.37690723256689 0.18975560174293485 0.45336396019278996 0.16627515818706073 0.09047437852325034 -0.2503572050964096 0.03275064157618216 0.25522982444729275 -0.03142613907266674 -0.4678264190585619 0.16662566112831623 -0.425995400532054 0.44838831848551103 0.1327619451767531 0.20230088018182585 0.033382183058914404 0.48007726314886434 -0.9461780951083355
and 0.17406598824121278 0.3717608552496776 0.7211113742038833 -0.2973736374734478 -0.5178958710279754 -1.1452676244239024 1.8378290743073928 2.0345863963668647 -3.2704613777472473 -2.1429113113508014 0.8932650579211319 -0.7619851197560134 0.8372426025311872 -0.26415713364722726 -0.10720615890343434 0.24282342876687188 -0.7118536549652439 0.3130348457588564 -0.05061244206618265 0.0058912226938899765
" 0.1391604998822674 0.18067249339788596 0.6778761338193477 -0.2652599617462354 0.10239620842916848 0.3030734095457256 0.05209485047011337 0.2588044581744968 0.16302737116703092 0.5598344003905543 0.11233263453894866 -0.6454510500021317 -0.008194684920941267 -1.5114375286164656 -0.7867002897365293 -0.38066348220150253 0.4441952173405571 -0.6553647341531421 0.015255627904870072 0.9626875915099213
a 0.16002154394099974 0.252243567928709 0.7338114001342703 -0.2022241588076499 -0.030363548988649455 0.2104713233200587 0.36100000118208325 0.6536016352105612 0.9864867880314175 -0.02754823655619921 0.1702723591324178 0.013269477130294935 0.566208784053551 1.1970395985090243 -0.06314573381026464 0.5225810819982852 0.010052100013508395 -0.22571094054055943 -0.4598090090185107 0.23030224419893927
to 0.09049473572042474 0.11954746997470478 0.40870904543298686 -0.1154019397328537 -0.0024186109012454006 0.1406913991125394 0.16612986985531522 0.1401233067238424 0.24180590966996948 0.04242565521695136 0.08607347019943405 -0.15541460962091938 0.05174804981508556 -0.11412871137255541 0.13484399202977654 -0.06893514180926823 0.0226875411311885 0.05238639064591729 0.22683176369133748 0.029383436911248662
's 0.1874345586903952 0.2561145141313489 0.9470109644507124 -0.37231798545025124 0.03897392873596951 0.2398418464948572 0.4540558471020625 0.3355202092293436 0.5518675517450835 1.1092848377246258 -0.4330103082818042 -0.42203321359522433 1.2205012942363977 1.6160619911737217 0.059829446872103634 1.6813420306481592 -0.9612122495153207 -0.12930225297133688 -0.4164296672816222 0.07406902966958699
will 0.05814725668547166 0.007620169675746508 0.08070582932324954 -0.36974085298548515 -0.21560091398807893 -1.4930380316707876 -0.9315254609132525 -0.15013891862518386 0.5119163682261856 0.10671786353145563 1.0329832228377014 0.21518343000719778 -0.39030386960206437 -0.5308958584698126 0.020882855059492743 0.501307933120733 -1.0038657038054757 1.0393305438600218 0.17010123363509405 -0.32138374471809905
Chrysler 0.1316316471079998 0.38760275902350294 0.31799314942606294 0.31150115078838486 0.1217291065833223 0.09936625412718146 0.59813408794479 0.6352098806853299 1.7456088110135501 -1.7572112877408124 0.8985806202288186 0.39180109936094476 -0.12284368637873998 0.6489853461576848 -0.13406819278091148 -0.5850688026045495 0.9203448810397581 -0.3389830601721496 -0.005038812570053394 0.9921400223339846
at 0.1772704704484682 0.5079515433169236 -0.5764544465174826 0.2696797724668498 0.9406875134960686 -0.09899989269232834 0.33380349835755113 -1.1976849139947845 0.13173834312533955 -0.1571127915741795 -0.2319445159109475 -0.931140814426693 -0.43409753736349127 0.17263381631628383 -0.1575797398322386 0.1045108763105393 -0.27650253288369175 -0.3164592587497867 0.7014048380819035 -0.971107551023743
said 0.07509964198927739 0.1927394035385975 0.2977300924386877 -0.35327227273389666 -0.04541277828931228 0.34527440301797463 -0.3352373769158715 0.25862860382444797 0.053739914369147254 -0.033914505194593575 0.25572299461986364 0.7293991854413613 0.07870431177144734 -0.12745378912489097 -0.2894224246844903 -0.7806022252160127 1.5306242864794064 0.45897691686853226 -2.105928598444524 0.767521742407879
The 0.02280595780779133 -0.0028615518763839103 -0.20333522445950225 -0.054180126201129664 0.029918158535001443 -0.029737566186432647 -0.061531965881598115 -0.06374573203335829 0.004340176834322064 -0.022552431389119863 -0.0022038542841320767 -0.053001165882653474 0.036746519901971406 -0.054667449453409955 -0.022683875866826703 0.14233512826430963 -0.10207722494001788 -0.44889374634133467 0.09681348565071123 0.0365892567734118
million 0.07284438701141098 0.2696128682592651 0.033399125674087246 0.19402272198367085 0.4740626447754688 -0.014012213768266793 0.017004281444326416 -0.1872992350416721 -0.054673051063362246 0.09010677347671293 -0.07203323102871648 -0.13765039376938468 0.01546520756968295 -0.001808405162827352 0.054291168478453125 0.0033462488469917736 0.0028422178529917217 0.11361367569202241 0.07864590100033801 -0.14872792433883011
for 0.09496936687960869 0.12487717112667598 0.4297517322846722 -0.1575420852828865 0.023577719523171656 0.1470770095077947 0.09524045237055533 0.08735483475724919 0.05490410466550554 0.24786421095663225 -0.024222279795459354 -0.13867769190878343 0.04985242117189414 -0.15833559887435922 0.09334698386465008 -0.02866005158222712 -0.0273256425664924 0.09028014804384726 0.1467049902165589 -0.09611685262220146
$ 0.021812754745189167 0.04576814771235824 0.07622261685718457 -0.0638414078067243 -0.00771146149012341 0.06716104961473832 -0.014945256846951485 0.12217222159972788 0.061130374938383227 0.055147150878801746 0.040192104488316144 0.13378952908222097 0.03116081303906303 0.07760344584488431 0.023720390024014364 -0.13650072016847686 0.2196760648878379 0.10620894098151926 -0.2967439333956643 0.07743174139929782
about 0.04334712782354943 -0.06959506393202085 -0.2612762621648934 -0.3357583877309543 -0.14712744577341297 -0.1569711023498372 -0.12499839722007348 -0.05360315967157398 0.22391660982876604 0.08364038047115534 0.304861230866951 -0.1979163738255669 -0.027843208762825603 -0.09271073528419149 0.25040891433683476 -0.27486600517861454 -0.649511273576473 0.0860546092827023 -0.23598325098209658 -0.18923919087951271
Tuesday 0.10837592184976058 0.17674558239824212 0.4514741371049613 -0.23363028526395008 -0.006945832861785018 0.211058473102903 0.03503083978482515 0.23997141191133467 0.08266842398434086 0.3243326696174542 0.011300014203642328 -0.0028235593328372836 0.06794210674741198 -0.19556424526674931 0.10971263500351272 -0.1088737404244696 0.1164535419508668 0.11856964307029362 0.19833695313258565 -0.38122518841275993
was 0.07794657997902353 0.02117350325429072 -0.06437526128525843 1.548000379051098 -2.0637958163285752 0.8858557945536413 -0.9684235971581209 0.285966867718748 -1.3764102810773442 0.9351641774367302 1.2204792826222852 -2.7431233002097883 -2.746798920760422 2.2540333986095735 -0.21276708921622084 0.9904540232737266 1.6933770853940706 2.4351712535603833 0.35047883436191263 -0.5128223675263157
said. 0.026798712927443794 0.049816245376078795 0.08578691304885608 0.0024121201911749242 -0.04925233704964584 0.03195810824721598 0.1315615421017632 0.19013777144515487 0.365604492299003 -0.33444394541637734 0.1372967083886357 0.16034403938642008 -0.0071305792162086 0.02239234163937704 0.07110219009012667 -0.15921085171442798 0.14186921911207548 -0.00962319670775788 -0.22073647351396677 -0.3244793007795369
is 0.08202264522962185 0.23960688437340066 0.025837140775406713 0.6099151164359959 -0.12563270391894624 0.2045353300953474 -0.12815233947508597 -0.300019644933654 -0.08699552116025908 0.08741591146062909 0.14911098199414663 -0.6086210933334671 -0.36903541308788723 0.36535940325832056 0.40821270399165316 0.38354431759947044 0.4759877271190631 0.46642255736212046 0.1248419439164053 -0.6156920323331286
from 0.012736200324968807 -0.38673382344848284 -0.7183770277270423 0.10279799906134172 -0.2326439102674023 -0.06903210449510656 -0.09011028394157836 0.1361057988205418 0.10050351868065951 -0.2782611756637023 -0.7382630721055647 1.0868377357215542 -0.17027461471936048 -0.35475953903364976 -0.17384365746967662 -1.2277469668086514 -1.9144720020230588 -1.0331199985817199 -2.5050310154346627 -1.9244468074759316
plant 0.050338697635479455 0.06539234958990468 0.1673348298635416 0.3018478691568276 -0.38377169280163814 0.19973801208751393 0.04375010456528626 0.096525652244866 0.34736164337169706 -0.38319645819579257 0.39479600360773515 -0.31304806055080253 -0.23746097556647638 0.2355700057824575 0.20430594164169688 0.09790007022047773 0.3271677646921018 0.1060741619882021 0.16077518685200543 -0.018784916164550733
be 0.04619481001923156 0.275954608453908 -0.24764272690077227 0.4459142660050881 0.7766884658131726 -0.04753246624225471 0.16580133960665938 -0.5638118999636887 -0.2713147782609045 0.3150592862753016 0.4726704391354619 -0.106719715797695 -0.3375949217884331 -0.0023752616911829542 -0.11372369597917424 0.35872818113297766 -0.8516554702358329 0.14566582046755128 -1.4863568890728287 1.5715458444337642
on 0.06477654987215284 -0.11379402179869408 -0.579612704299082 -0.779177130655119 -0.3649006905713421 -0.7193115105434816 -0.2944210180076879 -0.43580474205818215 0.593005022693446 0.09536237705735741 0.7144372155386685 -0.7750249761071258 0.06511543837062028 -0.15159757811218078 -0.07762517444569357 0.011918150487127344 -0.6664043352151242 -0.009002473101104302 0.1299391551766298 -0.5420431704333585
Mexico 0.035611287877026374 0.04682601386506228 0.16114683246694592 -0.05907459148240899 0.008841092501836319 0.05515043321615328 0.03571293858582408 0.03275601670519725 0.020587753094661463 0.09294327277108402 -0.009082787504811635 -0.052000885874554835 0.01869349012265842 -0.05937214049077605 0.03500293225151471 -0.010746847967923594 -0.010246475846192302 0.03385294066080913 0.055010934696669546 -0.03604156815009645
. 0.208273239570923 0.7823590699186576 0.11859792084701105 0.60840770049611 1.3217484519247693 0.030656795761311667 0.10540765547397907 -0.4016417013450033 -0.40987893205365694 0.12256174331719726 0.0015558094645400874 -0.7514310324774583 0.3485668193026291 -0.4504970869965568 0.5845737517672867 0.46235324770905606 -0.3706871330901407 -0.1001074608663792 0.6102292497444642 -0.8112871074033619
that 0.013140240060814108 -0.21778535241855745 -1.0956405663892628 -0.6707617229734794 -0.5392650503374615 -0.33439815034780307 0.18599003768129194 -0.7410872489914722 0.20274924875966457 0.09391768321974595 0.1315232340267691 -0.20352682488055496 0.1467473911425654 0.10475173313247071 -0.9325961319575385 0.06761306255411774 -0.24238586168358908 -0.40355142185918486 -0.48080507454414634 1.0138977792310047
Corp. 0.015882561947223556 -0.2762030072389351 -1.219118578588226 -0.8006250182262676 -0.7022565461605272 -1.1722215152764834 -0.7118551140515362 -0.708856718421653 0.7288084423137244 -0.11718791625845952 0.6059155802568262 -0.18958983358318826 0.7552261216555259 -0.32935865138809894 -1.3708213003678749 0.3687424855967091 -0.5187655473530127 0.8372909206341529 0.20262753986613052 0.2546463315840276
Brazil 0.34902312415646386 0.5134766796577781 1.5461452481442561 -0.2007275214701254 -0.14754075754482793 0.44523648676121236 0.9476413993290916 0.9954624914409613 1.879345358135961 -1.0397297379574901 0.822789390160657 -0.16543127151443238 -0.012677616207202086 0.10283490955041953 0.14991952824607882 -0.4386789372109011 0.30391353699337276 -0.28591048469449803 0.9103669544177407 0.589616301481635
with 0.08825211290404601 0.026566958134701266 0.33834428939933014 0.07031593492325862 -0.35857010769066955 -1.361648536408865 -0.6574529897734789 -0.28195174563365677 0.7365391518719451 0.38355762643279556 -0.017582984168643147 0.9646720037280881 0.5063743914743998 -0.8695638022123928 -1.6614149251110621 -0.27593126190354356 -1.5614556048541084 2.2286886077425367 0.9783103157892268 -0.21454216766186512
it 0.11608048030766407 0.10772824350705468 0.44336990713655444 -0.08539420867894486 -0.15854950546141852 -0.08371438447213868 -0.06547793349600106 0.1044171736555907 0.1668166153065318 0.42239359524413456 -0.5012052182517142 0.573510810354651 0.6261116048764025 -1.0381913603045505 -1.305208626329678 -0.10534176487681603 1.040350884449132 1.2628590105422384 -0.4155753245133712 0.3188584404201239
Jeep 0.07224634079529779 0.13175027921979426 -0.22928952832347116 -0.15731310448836816 0.2042559064241124 -0.4118593278839668 -0.31660522334525737 -0.27940211458396663 0.2835783924550242 0.015200602388729537 0.45756516662765934 -0.4435028943385088 0.02495560410226645 -0.09814514050807643 -0.013213987100048995 0.0385329457509775 -0.5092175239155987 0.1565351793804883 0.1648428894775003 -0.4601825024073718
market 0.15094636884061297 0.40842508796719224 0.31848955418174435 0.15774304646573364 0.585850551018806 0.06335446738614672 0.11429316970081745 -0.1889825343452675 0.013891171676679179 0.23428809185206387 -0.12857042233270471 -0.24981936741036137 0.030622857861135246 -0.10187160305268675 0.1314724531583126 -0.0184335383407212 0.0386861312206092 0.18059115219120553 0.27043339517009873 -0.3850600604452982
by 0.03329469336047462 -0.050451510435389015 -0.03481087287100838 0.18964906179458565 -0.2696388508170803 -0.30212841398850426 0.17462914866546458 -0.1844649813680684 0.3512714687616836 -0.11093217588414642 -0.7971037839032211 1.1218179102695631 0.021336054106443222 -0.950532601703023 -2.1292354776351874 1.2679288006931135 0.2755969748392555 2.2865865890701085 -0.24922889252546412 0.5507757956848338
year 0.07596590317111568 0.03532764611091512 0.3572389241532619 0.1224806996574129 -0.15487424700521113 -0.420751913751192 0.29315212197573837 -0.22363265280836764 0.2805045200113461 0.3371522446063759 -0.596449486306726 0.2602855422731789 4.6816153552102323E-4 -0.2577750227791625 -0.755203608836168 -0.9785170666101706 -1.0747217683516275 -0.03153557558411469 -0.4943090003907398 -1.3090378470209343
which 0.001239893050090099 0.06573298453658717 0.22404718532160056 -0.031168547965427083 -0.30877738216629347 -2.343996709248461 0.4156542733323374 -0.1252461202733657 -0.3378888059847813 0.685705574858019 -0.07281228998183815 0.9308681315350366 -2.7454812268415196 -0.08889838764326499 2.534621591880875 0.8513723521958163 1.7387241437860859 -1.992756298930057 -1.4211493387283691 1.316580765692088
he 0.07923939262351984 0.09789736293423393 0.3731904490606513 -0.1308780619345526 0.04981906379922033 0.08145317218901903 -0.10805280289202082 0.16157248522298356 0.04966597746515473 0.14226704549670477 0.017109679986581416 -0.12126998169241886 0.15087699082921427 0.10790059222678457 -0.10201508094422852 -0.03509761041843876 0.03320308782730332 -0.14458532485617315 -0.16932168553256405 -0.23738959202635673
Mercosur 0.14896610532786672 0.18990896179817876 0.6739170153114825 -0.22467268839667603 0.1151700126751136 0.14588053645402974 0.18526228914861517 0.2420656324826417 0.3279687314169382 0.312099422313706 -0.11469235445133534 -0.22566253240138398 0.06218967143163228 0.3005298507480307 0.0837359639933475 0.225719525289271 0.045377441328493064 0.08547352559186626 0.09240274418626704 -0.3330788405781664
or 0.022310251230753968 -0.08218109619835869 -0.026740721275456025 0.055928978848931964 0.07881904119849477 0.22094289936434516 -0.08878735034340318 0.3191489733516043 -0.015897585586909912 -0.23636315152847348 -0.25797311872471385 0.4882662251434399 -0.5794701630038929 -0.6423631971734584 -0.19176458118024708 1.1234859457456492 -0.3896590020615619 -0.3303613773920066 -0.3589651924470885 -0.6996118125304382
rates 0.010153944139150483 -0.19517998481003876 -0.890760925854421 -0.608505887032377 -0.3770814788669226 -0.19112986820740763 0.1965849569091559 -0.43956056542852256 0.27501519873896646 -0.04476644230953136 0.14706832960378938 -0.7239080000031024 0.16083308991869746 0.10006182516409409 -0.148299774068174 -0.12982484689062296 -0.0031299576578210477 -0.8016754967457201 -0.028699012253372944 0.025184964075599944
Argentina 0.058024316727783465 -0.06185775152638624 0.3171366955950467 0.010594183795659176 0.1945745709942611 -0.05275582808348258 -0.14962733665842204 0.029413982178644382 -0.07607698198007 0.002830617419309407 -0.08966313809587555 -0.3953359163467715 0.1913518846234924 0.09148504875412977 -0.13212820750510937 -0.24554283577175956 0.333755118815411 -0.2011379808261193 0.022937346457316855 0.22877687397935365
one 0.15857014645631398 0.20098519441710472 0.6947498751969563 -0.27826432842832494 0.01068354252814529 0.31933600519052857 0.1675312504854177 0.21427995765648392 0.0918684872123103 0.5399758127696007 -0.0672946047529476 -0.35860334729354565 -0.16818786068319616 -0.4473078650019868 -0.0669718366621415 0.2570527914339607 0.09722133677482443 0.47874622326546856 0.5623355370088275 -0.14281211839438185
has 0.235991293918898 0.3103097995006591 1.067898741436419 -0.39147950306671475 0.05858875046501793 0.36547462534383823 0.23666491971922818 0.217069789572969 0.1364323163057043 0.615922773645465 -0.060190431277091894 -0.3446029917491954 0.12387928617297381 -0.3934513209838682 0.2319598016650063 -0.0712179398357593 -0.06790203997681371 0.224338959520133 0.3645501871087927 -0.23884270436887195
We 0.1386926404343242 0.18157789514288628 0.6419883596934663 -0.244760820650175 0.03416228802760662 0.23806651635729095 0.17026712237828057 0.17734010949145465 0.15183528543430652 0.413179881595344 0.019741245716231474 -0.2941479989020543 0.10385649629837262 -0.36747691958919737 0.26976351767733664 -0.15825874179564972 -0.17275853460800777 0.1073576782634492 0.40654795866630633 -0.021015882066710585
its 0.14268439976561623 0.26877054158232655 0.36382501874901935 -0.4522549466556331 -0.09736841046749477 0.3708695325394147 -0.08729142613633104 0.6090271119255847 0.1474332658295832 0.41611155667894945 0.1054127945316908 0.5247838578188121 -0.006807045239469929 -0.04157705654527367 0.27114951111816304 -0.5922080004912094 0.4149466895524486 0.3921041682995044 -0.20353606852994258 -0.7509241401407444
% 0.07033320354019168 0.0425577051796736 0.41671782116921985 -0.4651951997764228 0.055271579459927174 -1.9475729819118839 -2.6781623281323665 0.2639318387186994 1.3412771801380032 -0.35315772265891865 2.8994316647965697 -0.3082814941854709 -0.11988716169972363 -1.3008077782804757 -0.07928371276374524 0.23021713379987407 -3.646040899350666 2.4221222105058833 -0.9981498174161912 -3.13327949241169
automaker 0.15757946730979844 0.20720447815811768 0.7130725545925719 -0.2614042684860992 0.039121714768838446 0.24403992122151066 0.15802927032167843 0.14494493098424996 0.09110052905037781 0.4112727252064687 -0.04019121188873516 -0.2301032168240194 0.08271844101403113 -0.26272091882458026 0.15488750189326866 -0.04755465693610305 -0.04534051706361739 0.14979880465491233 0.24342264215913387 -0.1594834516997603
8 0.03312098128690538 0.0017307048851089555 0.14823491120997687 0.05298421717876038 -0.021043986229468598 -0.014868163144810126 0.10620011697692974 -0.021999447448284744 0.07164640413335062 0.10152178089958362 -0.19471463055494218 0.002886738019418721 0.09515990986396268 -0.1461190558015491 -0.1667080391262314 -0.37324391294128856 -0.22902532191017044 0.023985957740152823 0.11906875268800023 -0.13561526517642794
investments 7.109893465226671E-4 0.04205522455567521 0.11528134407863075 -0.002003530337897391 -0.20208440130192679 -1.2912668671108967 0.2996818425202489 -0.07008257358420546 -0.2793086856109858 0.3223341663654185 -0.11156599336242382 0.49810635305481027 -1.349965970826791 -0.0058368221560724165 1.2150671033607123 0.3978392321732297 0.939444384159812 -1.0427256188471017 -0.7229617286978585 0.6282288570747901
Eaton 0.017420634665059498 0.0043932539960488065 0.08374032730138967 -0.07691716140633868 -0.05012261164507737 0.03138410017216192 -0.04468699108940596 -0.4287610550983283 0.03957187862279866 -0.3663462154798148 0.07414876001055867 -0.22567344767723824 0.864266306509535 -0.504955325005703 0.8025243558785252 0.9566811404496537 0.9074909325552611 0.8989679193486269 -0.5715488903222216 0.5233989094021435
South 0.004506963918267044 -0.11975356418001841 -0.3464103700643067 -0.1764363587947101 -0.0937600738376985 -0.0038516673308663625 0.24545093570899953 -0.1843224270617892 0.24162591577361744 -0.23623242059800684 -0.04453882208468458 -0.44064076936243207 -0.38823330744217444 -0.28296388573783393 -0.49649281622138064 0.48498090993209225 -0.1715663466690082 -0.12960810487013258 -0.674795671097935 -0.3075307262223103
markets 0.04163061785776729 0.3614877745937701 -0.2792470157557351 0.5267303497955343 0.5435557122806348 -0.14867998326804144 0.22207073941908556 0.19800005761985778 0.5512134888020392 -1.1480138697317699 0.5436757363840307 0.034491145623023675 -0.03150937853939992 0.4657602438894113 -0.17050709372500672 -0.05893947820060453 0.20665360788162307 -0.22851729402352036 0.18287575680833462 0.5411603152883457
into 0.07538404507348691 0.11449727463390495 0.21399830164869346 0.1606327916439173 -0.32496460266308347 -0.21042464074225928 0.30783753275608666 0.3162567856092825 0.9650929824284741 -0.7071040033190454 0.040968562231037405 0.9231052037683293 0.3398161437600683 -0.07245673781654569 -0.9731081465552641 0.1369059308128813 0.4813934016535892 0.8505560301630533 0.5289213345489636 0.978977308211108
Cherokees 0.024471314073982262 0.055496536204859344 0.03683696402149096 0.006203443231115786 -0.134995424469734 0.10654572198875151 -0.07354700242976374 0.18103169060560775 0.01305337915866296 0.1390089277962419 0.04100786428034344 0.18961690517186658 0.16908232036767573 -0.16738402984115328 0.08461152425399679 -0.3418410097399028 -0.1309509466652991 -0.06405886413994466 0.23957940320434906 -0.016750931010437117
interest 0.12978999188082077 0.1793501377803285 0.5934176547338261 -0.23005508325985655 0.04133732453623606 0.1720528983464552 -0.027587949394896002 0.2035242080014198 0.07124203293016079 0.35498830973158746 -0.017341031087043067 -0.19465930365427 0.21435132339223037 0.00733535525205953 0.02174874597959686 0.04598470603800994 -0.028342068152408046 -0.05558353811693552 0.11783470471633324 -0.1524117650665492
now 0.18923452719433478 0.23990613170220004 0.8368907005456238 -0.32545216461918686 0.06185609161141719 0.3459883107114567 0.1918656629805346 0.2531747647724542 0.09856568953639724 0.5420259714911652 -0.09680234111556979 -0.29992213788933964 0.11415151328269015 -0.4273620998593832 0.1916326246798257 -0.20979508710686104 0.19959291429998074 0.33954211268872203 0.056214246010544186 -0.4661040905783921
major 0.02646791848944526 -0.14889669780899134 -0.7281968859819927 -0.5797104346937914 -0.3384283484392845 -0.16443872743008076 0.19396223189168912 -0.37654366254936067 0.2473274908752634 0.02857276918397514 0.12212665574756686 -0.677366184756189 0.10228244621845523 0.14582972940225739 -0.16518590725420904 -0.14304955868289337 0.006050815732824204 -0.7771015032192399 -0.05740499220079832 -0.03601922015942854
percent 0.06003537288889476 -0.3377322163982238 -1.651719291938064 -1.3149176097207516 -0.7676339226610294 -0.3729851413354242 0.4399512913198447 -0.8540882880199177 0.5609960657198005 0.06480966204850291 0.27701155723305726 -1.5364234818987503 0.23200029126438437 0.3307756213032919 -0.37467991833024106 -0.3244695498266715 0.013724652316235307 -1.7626462971348502 -0.13020782551651475 -0.08169993852371918
America 0.11707832409587135 -0.07720669946190946 0.3028081856862817 0.01575445971231051 0.18725767597147389 0.4245854478427603 -0.4407279452960051 0.6917408341508055 -0.33935682503075054 -0.03100787642639379 -0.4888489880809966 1.0895296523955997 -0.31285887339724566 -0.4993077249411893 0.28417291034568126 1.317668478389285 -0.16909838130933366 -1.0280377806373964 0.7457689821386018 -0.0049518832799834165
as 0.004256020760946413 -0.07874806993681267 0.320943835106085 -0.5277920404571476 0.05266734375033198 -4.064971502819316 -3.7550705461107072 0.0714876650829785 1.8522301230749307 0.08012472968686013 4.267276898926269 0.09268154224309555 -2.3884955289107386 -1.5145274463597111 2.1946310536811917 1.6090006018704957 -3.6336239061034137 2.0786050503223796 -0.5568763204570185 -1.1017064598638466
company 0.05443777602566818 0.3381739654671558 -0.23877050414459114 0.4748572476406896 0.7665345878274792 -0.13871672196549903 0.03987711248669482 -0.41797396254192404 -0.06972433215217692 -0.053166772295029495 -0.16417278001836647 -0.15407192313183868 -0.03951636682979247 0.027411263363336998 0.09937576431117601 0.026065736557720473 0.04174741556082414 0.09097765661230361 0.2207206479902966 -0.4508516540347234
been 0.07974413028463959 0.1058494763896325 0.36966851662401873 -0.13545529594359665 0.009697213413369817 0.13945412398612536 0.08981136490477769 0.08844733690479051 0.06863259236833016 0.24266081611946733 0.012948765322138038 -0.22764743730544668 -0.012739563969786906 -0.10956882643689955 0.09393579027622902 -0.020385931233570905 0.037372257945141214 0.15165571104004932 0.2443966865187124 -0.1120709506564174
an 0.0010638176058562624 0.12245054045736796 -0.1785683271615799 -0.1822242332449995 -0.1287236751662215 0.1279148693352671 -0.3531277455201177 0.49920027960449254 -0.07735782251630734 0.1345960990215702 0.12552755356123824 0.7566763779528025 -0.05163266728190104 0.12166273689379759 -0.17508649117388064 -0.11065373955080467 0.650718519587582 0.05050273021361371 0.20952150423627766 -0.8523371349452449
; 0.08161137909906802 0.5771290703440242 -0.4667530025585983 0.5863313752758873 1.048589738605046 -0.12694225559536662 -0.12746317938189092 -0.3038171138912406 -0.08647129382866436 -0.0704329781411342 -0.13796052244107995 0.2595650405635445 -0.09427161993306366 0.2653895535336628 0.11541002256575578 -0.26213303343844674 0.38206827183551345 0.3219674965109566 -0.02327426149847203 -0.8610937828185664
under 0.001543324627551688 0.03508916841858577 -0.12680255180272043 0.11611984514058267 -0.2508759501714864 0.12982355092103703 -0.14956046651267943 0.22392619473420167 -0.011656418393093261 0.11485985613413828 -0.029862974494295685 0.4874029822587586 -0.13241865526629645 -0.539531118919748 0.27452191202032655 0.20235748413396415 -0.5867723076058697 -0.30142033674449853 -0.5690520780903262 -1.1676759088011144
back 0.045926918472415645 -0.17961824919014588 -0.9000651984180387 -0.7762275441626223 -0.4393482398471233 -0.19727209803818613 0.2647947908034027 -0.48152743768829925 0.32969887319903446 0.06694319976558699 0.15666769389231855 -0.9015634941952607 0.1395903940381878 0.17161392341871637 -0.20466739614666188 -0.19032180255372994 0.004640965573829219 -1.0045167329762572 -0.057474305989893615 -0.05854302096872465
fundamentals 0.04658530999648905 0.07925331175416683 0.19983692451232085 0.04754209217935469 -0.06571530828796995 0.04070153795028328 0.24392762100901133 0.2654032648946878 0.5805124407900263 -0.5221132120577112 0.2890061758431064 0.04556524583274633 -0.04018794720905353 0.14828777622807215 -0.017945183353457954 -0.12406081139844571 0.12002360312211588 -0.15954983284908278 0.19445865991587102 0.2639851306204726
have 0.03857220787783965 0.03519455208492248 0.19132298004676235 -0.058230417211874365 0.036025287486478534 -0.05392714271168519 0.010683590638048485 0.020960253214069646 0.017118882966696464 0.1540480485562718 -0.12356566046332369 -0.09625069064045992 0.1242626786213769 0.20273633276296452 -0.10036827431740279 -0.019664488029933033 0.016617291541280704 -0.13174538334021663 0.06999062699904433 -0.054347785594988075
Dakota 0.06700824757797375 0.04620933032882792 0.4005160542402145 -0.10736477091917478 0.2172630913925277 -0.1708345381176521 -1.1807462034585994 0.6518488448115687 0.06439936830338887 -0.2546493391909432 0.2312758947879333 -0.13486172758515264 0.7624510126605726 1.4855673632652926 -1.1313868122979625 -0.09465593688616153 0.3534210468534932 -1.399828725764755 -1.8379525455924446 -1.1139449369188186
stock 4.249622914378691E-4 0.008250220889902217 0.0975419464680176 -0.1206885813977508 -0.04137566638257516 0.11033361274922253 -0.05980982749672947 -0.7120021474403709 -0.22924783150146671 -0.4899721358331961 -0.2004693836394478 0.27784954217016244 -0.057622723765199224 0.149223419816767 0.025432733582937947 0.02426242837009288 0.13348125196092672 0.03520565198729821 -0.34871298007273277 -0.5546089692034579
new 0.07990452015409248 0.3215989193048729 -0.015060862520977672 0.2862949277116353 0.5794766729245803 -0.053029178861679294 0.03850427274965316 -0.26204729248922015 -0.034929637706413615 0.049057386908416725 -0.11635423968398644 -0.1354357815086427 -0.0046416414908436706 0.025778885408312028 0.056531894673508394 -0.0011280298900144905 0.0632972274728807 0.1131738740688305 0.15891970250649254 -0.31910683873190027
since 0.14734240714981175 0.18870003429135082 0.6833761506902105 -0.23934318655200934 0.06455748344916928 0.11482759475070967 -0.10509252454592559 0.13940612651469284 0.08813928475757574 0.3154703674225285 -0.01631283467249725 -0.23397724188093602 0.26774805875651037 -0.1391447382084285 -0.33497128384786506 -0.15869722295309566 -0.100483412264959 0.10076558287765794 0.29023360349554467 -0.019242606939615325
total 0.1943769715387908 0.2555902722685878 0.8795872077460345 -0.3224466418314985 0.04825730514256115 0.30102742210915373 0.19493181125700326 0.17879205460967856 0.11237406271707193 0.5073119497540516 -0.049576548155524564 -0.2838362585631452 0.10203461357758833 -0.32407075257218504 0.19105638609650386 -0.05865948372342956 -0.0559283042726773 0.18477939090699164 0.3002659978145584 -0.196725568890312
United 0.036210172120221894 -0.1262650827279108 -0.0022089167347095233 0.08409917858166277 0.13464740362797356 0.26552342509863885 -0.2689673187786357 0.4539010903878932 -0.25566157459223293 -0.08281318159458166 -0.3739757102160515 0.7814639846112115 -0.24036762398607894 -0.37604758736735605 0.20187595836380542 0.7102907922137807 0.05245397959014411 -0.5577190178431559 0.299909223999207 -0.11869571212660476
engines 9.523613835977397E-4 -0.03976374472585037 0.22668040224171415 -0.08150872945219716 0.17007889647084282 0.07262082723854998 -0.8110012218012291 0.28489235542941244 -0.18265203012729725 0.05082156886664181 -0.23209030673034606 -0.6887605347485105 0.33577490063921733 -1.6603416976776677 -2.351073111949475 -1.3655373446190027 3.250244390470216 -0.9868134124309718 -3.189492632119117 -0.15990132404469173
Brazilian 0.0494639043076131 -0.09803759589469677 -0.45574290423417285 -0.5124689246220725 -0.25695907967840315 -0.10465205535538488 0.21130537085653608 -0.2614810528259167 0.2609808080321181 0.1453888398890382 0.14367253962806883 -0.5828083729704584 -0.04496678789560619 -0.012050723826068558 0.12359161169984136 -0.11154922657421489 -0.042487692194415255 -0.5796017748295266 0.023311770346180614 0.016401459831655807
suppliers 0.19728622133638987 0.25941570458178387 0.8927520332181467 -0.3272727167520947 0.04897957462802154 0.3055329145031848 0.1978493653682519 0.1814680441807051 0.11405597090108634 0.5149049129299751 -0.050318562816753794 -0.28808444995762483 0.10356177071224643 -0.32892113563898906 0.19391593652668604 -0.05953744313291442 -0.05676538598352634 0.1875449932380752 0.3047600939333137 -0.19966997026124544
we 0.03386997434916806 0.06642805910160314 0.18739012809174224 -0.13148228843604806 -0.04047225670220881 0.16234525573092204 -0.033637580146759535 -0.1112119213047839 -0.07488019279775301 -0.05142230986596067 0.07332900311591022 -0.1308792423560938 -0.346049021512479 -0.008140584397086396 -0.3324177750584116 -0.05671816442846707 -0.4134918222785776 -0.20943095831773856 0.23126049566886514 0.21308682205818733
diesel 0.08383921968274789 0.10586200680509111 0.4218124203966207 -0.1557527393872795 0.059131812376638414 0.14578662368787149 -0.08380133586284078 0.2078129760315859 0.03460506870490874 0.30227230399911675 -0.0741608579509103 -0.32997523562966585 0.1700684126693193 -0.6223812589036668 -0.4625650720892403 -0.3987277589379541 0.8958886946223119 -0.08933381377470916 -0.7465149852545783 -0.1637617967679291
small 0.007131235793469237 -0.26421793287793927 -0.2397537084391626 0.3585707181067805 -0.04072551239430196 -0.023547987960783837 -0.21066949599094614 0.24792860197440567 0.007171458127671382 -0.5164239666383666 -0.9770175917934406 1.62612489268206 -0.5298977087822011 -1.209303022225913 -1.6635383170532636 2.3919356066264172 -0.08962485531877823 0.6768422843992279 -0.29663718105593595 0.23471242671720863
trucks 0.0688092473048414 0.019706297523096886 0.23392428971134402 -0.17678232930804272 -0.0032847920588368823 0.21841746104019294 0.10347064013426867 -0.14095131420539742 0.1371846563173018 -0.05986509046347621 0.01718253837524018 -0.38088126805555794 0.6110363343048393 -0.7838877833784551 0.5401300722467838 0.12606767971369445 0.3724446449777458 0.717932129573517 -0.02229428866299776 -1.038227421767513E-4
recovery 0.013760082423879482 -0.557468631920005 -0.5433326101954192 0.46320986669634756 0.4069122132891043 0.49528879057506764 -1.7685595713416118 1.6482646061301671 -0.9127201776368683 -0.9570272260744406 -0.8315790192641825 3.282889724028243 -0.9560257859192061 -0.8646154605845503 0.19051128328745187 3.657397615172673 -0.6344559238141905 -3.2947085445595237 1.7442134437707102 0.29614886309206895
built 0.14865014000483795 0.049326581422538124 0.7218622892363155 -0.05063740060390025 0.19164563585157704 0.39361292611998916 0.6976126631745466 -0.03366543959906025 0.5612246265090354 -0.3360038044125079 -0.3201528162939955 -0.761177723964972 -1.1891341894997294 -1.3791359730772648 -1.1920816589506913 1.726311607372076 -0.6114676652697254 0.7108605192114472 -1.573665839117451 -1.027443973403714
also 0.08970189413209029 0.11795086302007533 0.40591556687274505 -0.14880401880860095 0.022269982100910166 0.13891938811024518 0.08995794387537709 0.0825097017784109 0.0518588503424029 0.234116430812385 -0.022878791859321946 -0.1309859383800452 0.04708735830426813 -0.14955352019534715 0.08816949653662132 -0.02707042278283499 -0.025810026718385413 0.08527276266171938 0.13856800285651538 -0.09078573461647102
growth 0.03267690377336191 0.22248090356629538 -0.1643839312342444 0.2930348272588258 0.4720774397468085 -0.09594855158947156 -0.0017414993982112087 -0.24812447107160032 -0.048364294115338956 -0.04693811919438466 -0.08790118988830052 -0.06326579028023942 -0.021468699894532955 0.07733628850133939 0.013873430567804547 0.00919484851177791 0.06213450598689316 0.061916056938669785 0.07989768397420575 -0.23058033519065801
after 0.11454237149993773 0.20632861736079167 0.4405956761427028 -0.27274743678046176 -0.023960415362344747 0.23440348455359672 -0.017927699930780194 0.28389445257737794 0.05668306299848607 0.3855272696206531 0.014922058458491328 0.02839241275352907 0.10957229892702017 -0.19879317178418524 0.10042859936002217 -0.1270485425064329 0.17433666010381083 0.03014421549713162 0.2507186234650395 -0.4295401226028663
were 0.03668430081038681 0.05066351173585136 0.14739114810595727 -0.08216875524751688 0.01244000093893559 -0.014189305503882641 -0.16133958277856575 0.12183801011892456 0.07371321172991524 0.018804232083157114 0.1590054588385628 0.018634502448587095 0.006963951956772666 -0.10184780948033842 -0.09251248840905581 0.12678009877801114 -0.1615335072620212 -0.19783134054552476 0.21510547906724067 -0.024101872309414497
up 0.02045920297388288 -0.44252389281984394 0.42164754752250105 1.3362414690907534 -0.329537404731952 -1.1736831154321272 0.26107159792673523 -0.9365437146233083 0.6226219569055295 0.11706617370084625 -1.8336766204874921 -1.0621516148297019 0.6174575242327046 -1.4483481136819116 -4.698167786661549 -3.311936844111299 -3.585063158460213 -2.9712817008347283 1.3765260025769777 2.1002223466235845
first 0.002892613624665283 -0.014475093361310448 -0.14188220797169868 0.12102310412538698 -0.3124804836355929 -0.3872144946967102 -0.1074164899220883 -0.14322862093836758 0.07231532281697847 0.16193283678436515 -0.5839730656965813 1.2009853627980083 0.5685985783220009 -0.4314969069432769 -1.3328543059785487 0.4686131715744913 0.4125482992164385 1.5541217011771462 0.31430309326344236 0.7947791691979091
Paraguay 0.0385944944470875 -0.7283659676778534 -3.4217881827968304 -2.3364925668995755 -1.4536423563002498 -0.8115025020397325 0.748767141408636 -1.664766584235709 1.0063883494805175 -0.07106994280515394 0.5367557777142012 -2.7653056586698366 0.3951363801618923 0.7413099802276737 -0.7729962234390269 -0.5844770093018938 0.04685784341904756 -3.3658959137794855 -0.3572586170944248 -0.07821378124732131
Inc. 0.10449757177589279 0.137406003448699 0.47286839920877904 -0.17334816378676995 0.025943254326501318 0.16183313485818798 0.10479585506953115 0.09611907939313533 0.06041259204505328 0.2727322401543469 -0.026652482844394445 -0.15259112006426132 0.05485407695953157 -0.17422128999793227 0.10271241629761592 -0.031535492924904616 -0.03006720365983138 0.0993378871537554 0.16142379115226174 -0.1057601838969191
record 0.03225383023874469 -0.020445054436110933 0.1671141525132348 0.030778884961094547 0.07456468102566015 0.12023316643390011 0.26828326160663507 -0.04362342985828064 0.22307698923757086 -0.22721426692573213 -0.1296231776372898 -0.2811323841281692 -0.5281023578360012 -0.5403704564214198 -0.5438807422759105 0.7520830366889455 -0.25388823776598085 0.27563628453283645 -0.7258090582633807 -0.40985798708667726
grow 0.006115068201857075 -0.09449962582629842 -0.5525517145211087 -0.38749960486854795 -0.24117840213186653 -0.1068878380989767 0.07340679556560238 -0.1999734345342085 0.15246731262568464 0.01706109766060442 0.09694130748048214 -0.36484086724198284 0.07688540582400688 0.11172884315784991 -0.12310573799276163 -0.1198274305170541 0.07335314721617038 -0.5447971515887158 -0.031386822958567505 -0.11233032940798644
investment 0.020363281173136894 -0.825878377167197 -0.835116539331514 0.5188308984226196 0.4510312548988742 1.004800196783972 -1.7172142302774556 1.7304851678685673 -1.0895772001235828 -1.3542083755495669 -1.3636158733843515 3.8311588119325 -0.4824073821971922 -2.073559433454895 1.1497092878324584 4.578798836781639 -0.6203124900502197 -2.9374868407264403 2.5893183251228167 0.8862749468241118
economy 0.022481568554636934 -0.9547944221973176 -0.9984587415155134 0.9719975034837661 0.3279424945916367 1.4009108911581047 0.45784059378455577 1.3784645886526874 -0.5699231495316648 0.6009171575395997 -0.47442028005880227 3.8837088127088535 -1.1363462585479789 0.9368350792650586 7.387083017086835 -8.395641429226814 -7.459235822793569 6.180833664095811 -6.979771439742281 4.267301243469728
trying 0.0012675516722854493 0.1533330552559309 -0.17749168684620478 -0.17217506381270503 -0.09526338003437154 0.20350081479913934 -0.3717773408010383 0.48827364605160023 -0.03334954810967168 0.2855995717477631 0.2153613186936554 0.2966369408151975 -0.11066756842908174 -0.08134213555133965 0.2042930930297015 0.0704705597960644 1.0949130424747906 0.16660017100107885 1.0373310156013134 -2.3325451278536606
: 0.42132305271207726 0.554006335746527 1.9065548997922048 -0.6989212888631362 0.10460043161164596 0.6524939216257162 0.4225256991057968 0.387541865954945 0.243577121172333 1.0996272740314694 -0.10745996527497394 -0.6152311047007618 0.22116578180264232 -0.7024416405271804 0.41412549641587615 -0.1271477405847827 -0.12122775502998206 0.40051975518959837 0.6508434915070223 -0.42641376998121094
assembly 42.029778874207196 31.672240448597442 -16.189739820109782 -10.032793996838501 -5.426206578134361 3.7820639986051248 -7.841351284909485 9.387697367703915 -1.1192477268766405 1.5726557793492237 1.3027983364204168 6.522862518422102 -0.39943797484433813 0.8556288420135945 -1.1613294978292024 -0.6792744420620741 2.8211787008896336 0.25045665739888223 0.3368555967913086 -2.0333226374775517
