Eigenvalues in decreasing order:
4933.09236000991
402.03508919377884
241.05120883735194
190.16771198512384
167.8337584351747
143.59761336272902
126.3116230855629
117.66710602580712
105.20780184016294
98.84904682122551
94.14364357333959
86.2409755054683
83.78831523096403
78.3822671037166
76.06559768794413
74.08000238034725
71.71872388388424
68.77124244966953
66.39245515986117
64.36012883439247
62.95433708320825
61.593211785409174
59.80357648392321
59.26110954265333
57.65539160367918
57.044453436338856
54.98463632118215
51.17749121028588
50.20900565726186
48.62297602770241
46.36278777594867
45.32072065812576
43.7991911192731
43.01102753405217
42.09620137342875
41.863164183259464
38.62336094567204
38.25804684348642
37.63261388639392
36.243868254681225


Normalized Eigenvalues in decreasing order:
0.5967734016104878
0.0486355880319389
0.029160806115516875
0.0230052518938887
0.020303435576914858
0.017371504511918618
0.015280357931827115
0.014234600529664876
0.012727355013476787
0.011958114223780437
0.011388885168806028
0.010432871828595092
0.010136164954246627
0.009482176442634618
0.009201920857139207
0.008961716462114657
0.008676064360421369
0.008319497243223398
0.008031727041685173
0.007785869432315366
0.007615805897298055
0.007451145819053745
0.00723464738996132
0.007169023270610306
0.006974773966819314
0.0069008666442536715
0.006651683378099477
0.006191119745301461
0.006073958667480572
0.005882091127200966
0.005608668265262814
0.005482605768713821
0.005298541029542767
0.005203194129575772
0.005092524415750183
0.005064333093445649
0.00467240278735265
0.00462820946529266
0.00455254865741704
0.0043845472509712
