<OOV> 0.962803778246417 -0.10317678902676308 -0.2128932744098021 -0.06156989272865359 0.008132374758295438 0.0434036542253717 0.0247227094597426 -0.021123385222537136 0.011870062764865507 -0.050351859259336766 0.004689631195737385 0.024579511783648044 0.008574058829335318 0.025510929645377992 0.014597097055135866 0.004329884164735573 0.0040215817117226545 -0.01278245246210783 0.02006496335433605 -0.012721855705897149
, 0.16815014087935373 0.2586224593914334 0.7284757016840372 -0.3924224771368056 -0.2154716739687387 -0.10291834737651012 0.0835309401384771 0.17300931049252127 0.0935021944943717 0.006207715164910988 -0.04462591138516372 0.2106050991805707 0.02921590455335857 -0.05138324980976224 -0.051947279948038924 0.03807268876789442 -0.003077932176014737 0.20457170227097585 -0.020755733044079964 -0.004406232450026165
the 0.09321280213809588 -0.4558410008643425 0.4443802146842307 0.4019816013025412 0.48184138763244794 -0.12580428338523245 -0.024545544968892996 0.20016958252165595 -0.04255587287825961 0.07587587765380303 0.04671192010333285 0.01064747996524707 -0.019208704386869682 -0.061153441734392945 -0.007265642116977489 -0.008175369308570334 -0.030862092712858377 -0.014973526601895007 0.014853223741010871 -0.08017477000675559
in 0.09734781490779307 0.3357297140951166 0.18228556493091064 0.14250874718486145 0.0997168547523361 0.13450842837251836 -0.26010297504513724 -0.25812034699819014 -0.15830453034067918 0.11883199681754278 0.16143607253550163 -0.40242881857551827 -0.11600635896803552 0.09121493862906521 0.04921177633510389 -0.37307630415597115 0.036240391635717635 0.2904227124710763 0.14190284812815926 0.026283581229638364
of 0.07081999500503125 0.5115359056396332 -0.10892574878396355 0.18510316799223672 0.2797981720632792 -0.2084430957511205 -0.21708460969743698 0.037253813503673086 -0.09721692852839339 0.15426998044877155 0.0721260977919461 0.170301171287949 0.18459801720821054 -0.23286188630320245 -0.013147228781183752 0.21413475825392428 -0.25339262672711654 0.03423948605648438 -0.033003924949150235 0.03804350200482241
and 0.054856369967147385 0.022371893189208514 0.13147842845006646 0.08847561909751951 -0.20161366953560075 -0.21375143369453403 -0.052166565974178195 0.06478888922439775 0.029262303154766005 -0.06152779816543666 0.21133299840148217 -0.3981660211180581 0.18317951471526808 0.1302026765765958 -0.3899097770716399 -0.13313683040551838 -0.11315766188247914 -0.41154545896299305 0.08052990720990473 0.19616068353837385
" 0.05832212890353385 0.06399689354132083 0.11636592565869967 0.3996656575197128 -0.40879776055722794 0.1560378555018608 -0.17791926742272765 -0.05642563663456214 -0.16464145816649517 -0.15640514155382793 -0.14601189540306417 0.32203312605340684 -0.3815261815312578 -0.2868134653521893 -0.08917789262109013 -0.08170436659015479 -0.14943509120824622 -0.23459168480180864 0.024048661553668083 0.006773201863537549
a 0.03619116184678268 -0.06564559811383103 0.014569320562093065 0.20031935912939453 -0.11041763832059864 -0.03691387680793896 0.213574184232241 -0.22434789025421148 0.4976319507252339 0.5412779796086189 -0.2416697351602003 -0.08275519447939643 -0.045842083630004714 -0.1504116678927836 -0.040779515662401365 0.06992275742992822 -0.0811907878381046 0.11957382757228921 0.07065878540180538 0.17018272794109354
to 0.06311002593454239 0.21843706624100487 0.13695942915457252 0.10518515385284292 0.031321129521852065 0.11447434985652272 0.03291183782701854 -0.0923109610359862 -0.03411485163531122 -0.03383728220303718 0.025408390850226118 -0.1906168089371084 -0.05389728106290597 -0.04175263053772427 0.31982109318784324 0.3537661616022954 0.30367615747934446 -0.2412425809432426 -0.26385999654194364 0.15583372318547456
's 0.01891025569618274 0.03581560354372237 -0.04277357330565626 -0.09082713948417342 0.014019457079729817 -0.4273104441773614 -0.4887131191903074 -0.01750095878261404 0.17869283706632788 0.05563447012273263 -0.39917943015884044 0.04500535642879296 -0.017394247198053273 0.1042391357497734 0.006121581154602038 -0.06839095870657891 0.3471555743574143 -0.2471014358474254 0.04421362944093214 -0.14036433471789236
will 0.028761860477628333 0.1232397170643488 -0.04005346679037749 0.2290966208342584 -0.08789657175840396 -0.16549490959989716 0.0830042300766565 0.11757448819715963 0.08373506629103832 -0.0016657357452594288 0.16535857385594704 -0.022093794104916697 0.09390400585185071 0.026005769780516844 -0.21104770044453525 0.27533300461823085 0.2527725558731725 0.05159538461894854 0.09468155066942806 -0.020727723300593498
Chrysler 0.02713145698478415 -0.05483399774450177 0.02657969435650607 0.23495056268483772 -0.30971767307457965 0.09164443915179422 -0.10543456267656233 0.19097241036896886 -0.003566371250392825 0.12647969479928495 -0.05562823525772533 -0.012801588191690434 0.20150840490090355 0.14275985173492242 0.2697410710723196 -0.08677606487569299 -0.07095961482649088 0.08274820086049775 -0.026694902095188038 -0.1498631233258449
at 0.017328269586048224 0.15381009360001957 -0.035252292690740386 0.09762527785997813 0.06895809256143505 0.06294724909082566 0.184032415799624 0.05274002644472018 0.13269502614321033 0.1887115767502919 0.07049491067791704 0.12469989583698754 -0.2809375326841942 0.2352884149436507 -0.2690282696063066 -0.34765263993612716 0.10741747460626541 -0.10331359930253164 -0.3173439433912266 -0.15001938960121391
said 0.01123088519067839 -0.07361000649405265 -0.053672487690382235 0.03228532600319858 -0.1552284334065336 -0.5094861736590001 0.2072229077522778 0.024118578974073504 -0.1940027290408712 -0.024261866026910238 0.10657390165036461 -0.10337624993592019 -0.15325660548238842 -0.03785098490339692 0.09489410887012689 -0.01993567244594051 -0.1702964150872441 0.15353889444810345 -0.08688056923383285 0.038260451871293316
The 0.029924731611134885 0.025630606132427264 0.05244125309729308 -0.033796816174327 -0.02224030331945048 -0.06383918687517466 0.15915944572000792 -0.1909815916457042 -0.25282032901951135 0.1398249698335799 -0.029231758413890405 -0.003342289279559471 0.048404319667042804 0.01920229443816738 0.006678374302481879 0.04138035272323378 0.072558108055155 -0.10751051416015663 0.06331411949722932 -0.016243932223708842
million 0.02045466086760771 0.2203286487141468 -0.02474415672301438 0.1214896785840347 0.11943684500257479 0.059573795213943764 0.3041194299555248 0.207088777081036 -0.1082619964530479 -0.25955325739413226 -0.6804953089966945 -0.34395927310735813 0.10646863608806273 -0.04357448530122782 -0.15040299648653907 -0.032866879410387885 -0.1287254696935123 0.0734276580464284 0.056916624164891995 -0.15593296586694266
for 0.021035071793737932 0.07470144612610818 0.03383061382027121 0.015862143257585202 0.028934249824432084 0.052862570481007114 0.029762911013600592 -0.044041834795586564 -0.016344145522516635 -0.01884907754495847 0.046922095099618005 -0.0301721581771169 -0.014649632560903151 0.061142408313245696 0.029575366521255544 0.051680346031836535 -0.06214790598733404 -0.04478848752170933 -0.04587174711446378 -0.06095684597871608
$ 0.015313868418888602 -0.1050573402604657 0.07820763880493525 -0.08016015724822916 -0.0330391282624507 0.07285516606900608 -0.0696306115716375 -0.18121653317249234 0.07705800672049626 0.0018462595462247324 -0.06479565071907119 -0.2146474532531882 0.024829987286146916 -0.13417515106485262 0.002647192623484966 0.14532921894509254 -0.24326183983782965 -0.0893677169785862 -0.3298323189585097 0.09603537625203525
about 0.015313648430953807 0.023618280720727605 0.0034200209835458235 0.02856331777993994 0.04511801116757359 -0.028709564219461855 0.10828331597746726 -0.004507300289935487 0.10260423983983903 0.03643256494869614 0.035389364179051315 0.0012220632266151672 -0.06025405204933019 -0.09052406477521298 0.01731225899421197 -0.05093975269700728 -0.023104506482443724 -0.04056075993201504 -0.012600688280901643 -0.04010615476639043
Tuesday 0.010812149206090417 0.024671655017182954 0.0329250610419295 0.039054425904189054 0.08224662066753535 0.033524914839385904 0.06556789503574838 0.088742634585616 -0.06907590826435998 -0.11467114862332144 -0.17382565495408256 0.0053832384429179855 -0.08180960421025109 0.02457041881993427 -0.03190924915472715 -0.08057680079081826 0.20993312143320125 -0.013685205329797397 -0.3323577425383999 0.37840683303919054
was 0.01905911524886703 0.049032032048964926 0.05098940457993383 -0.02817476249111554 -0.011996503531184805 0.03269527764990807 0.008752638308094722 0.022150594168178654 0.025553231826616934 0.03628141895704107 -0.012682292433814139 0.019598906516498756 0.06887807149567202 0.0971598505678784 0.0514850657450447 -0.019173654100078548 0.015040232102984863 -0.0575055623828178 0.05774640745029409 0.04161597257403898
said. 0.005492775132067596 -0.007008159188677479 -0.07882798004599122 -0.03410191272863755 -0.00648984483315629 -0.3746335566381357 -0.02673485436391052 0.015190742271891197 0.05390389161466323 -0.12766698377097663 -0.05650597121884624 -0.10144718921842806 -0.38590158943701774 0.04027706406025195 0.3459816319773847 -0.12044379193631599 -0.15124696721742686 0.1881859151164232 -0.1425952882581097 0.15370930868616292
is 0.015152907105388299 0.03320420819930843 0.015770694419266082 0.05799327954436577 -0.0433573254161757 -0.045648690089284315 0.04265562806373163 0.030965730718602022 0.0013776018949673927 -0.004526511394319598 0.10056581156733448 -0.08249107829278134 -0.03224908545513244 0.022563879642659605 -0.09582989163520905 0.08546182248610756 0.11749544446161309 0.06888260167715665 -0.350932730668936 -0.32449415443829854
from 0.021001393656503248 0.11716044247060389 0.03179993088505827 0.06098229919715844 0.04542698010778492 0.0459836874033601 0.07302332080912277 0.01712590213852878 0.0026791987070639064 0.058767164529563 0.04095627043916436 -0.0315128787495514 -0.026732884255356623 0.053485641095096195 0.14679840389703736 -0.07744855611552298 0.025781221693244535 0.007311544133826684 0.05526870309080169 -0.08840598785955067
plant 0.004893369081843567 0.007694862848472212 -0.04881838943299895 -0.01511346824467239 0.03005873710800353 0.010910929546941412 -0.09885276454761878 -0.0719064614965783 -0.006746137714791938 -0.038825614420045014 0.02320302519469173 0.08376756874407992 0.04950837567798257 0.17671869359917697 -0.19369183130543108 0.12855167001731324 -0.30877344606705204 0.0548126038021687 -0.2706003131941765 -0.02341740565741695
be 0.005316269175120014 -0.013725409129029299 -0.08194154343012716 -0.03991372115046202 -0.004256820754127293 -0.024308129671727664 0.11406562809160412 -0.06518235402310535 0.15824362480450002 -0.20807624166225347 0.12293528599245314 0.04350397563305996 0.31878692206595777 -0.5122023251222562 -0.03204169257415675 -0.43636113895440903 0.22092799334053617 0.07146393264501862 -0.15812910065752298 0.05748115157290398
on 0.01274848375494678 -0.027624117225758395 0.06522946121335532 -0.035987172350086825 -0.022116806888405602 0.03855091630990857 -0.030530679093495366 -0.0749221967229962 -0.0015030940776374804 -0.011591990902799259 0.0033618942823410713 -0.08435962102517745 -0.04917982677522231 0.07655142697144593 0.02970514930843791 -0.05925148739402675 0.06523501517934158 0.026156611127152722 -0.04096841365855598 -0.15804285307247318
Mexico 0.013569554321395914 -0.15785245572016043 0.1163813731494675 -0.0013931789482673274 0.11164265466602293 0.004354611871399019 -0.0627062757780215 -0.08016272804389629 -0.15468900793046136 0.04413863549704507 -0.08546487740687173 0.03139816276215396 0.042394755723972305 -0.011307198493259792 -0.03621621282668897 -0.04271517076648666 0.028247327779363552 -0.004878655334684272 -0.03936271813393108 0.11054466501703696
. 0.01536898613648853 0.04110955379431389 0.04165321793870478 0.029676958623709733 0.02161818025904547 0.029220204690389 0.04399552251295884 -0.01515977318628234 0.0456226060239228 0.05839080401023901 0.007039186185991687 -0.003908645670797095 -0.08167157944659624 -0.019334272388764697 -0.055690747955758166 -0.022092126513438514 -0.017622465102385933 -0.11869531092238525 0.026288072593403867 0.008597064914942783
that 0.015071357999722899 0.08286361692909415 0.004424020515324297 0.023704358670610524 0.01552393226073783 -0.038966560623531835 0.08867873467615192 0.09304094705550163 0.021051354980257765 0.055599590201959224 0.05592727137529026 -0.006106822997224495 0.03228704712599475 0.024578979846702896 0.12185212213042139 -0.05243820535595191 -0.06342417313668501 -0.06730388473807183 -0.007777479571551788 -0.06588388558252778
Corp. 0.01518820324907407 0.08078651747771597 0.002064948847823998 0.012503059267030615 0.017471085605607777 -0.14294042938799764 0.10054713017143867 0.0746180418521662 0.0077679514717761185 -0.03916162598929867 0.07377082658428168 -0.022290858494499032 -0.05289384372603759 -0.035611252975449606 -0.0016175788724925543 0.01981893094969246 0.00545057345721341 -0.07446956022123404 0.05180475482366047 -0.024604519528598837
Brazil 0.007233383139813833 -0.0462387802577644 0.024948305791282047 0.1345916327247256 -0.02520759666604711 -0.005303203640951417 -0.050721363888100425 0.06334240494258025 -0.03945982678791969 -0.03098996181911102 -0.03595916936804066 0.07153664574059937 0.15007344342373646 0.10888269285825396 0.020524316532936657 0.029778682800735864 0.15082702037588125 0.19925335716407291 -0.04140428966486676 0.16870122678400057
with 0.009077156087782992 -0.008815414960711906 0.008348224130347942 0.17225543251150632 -0.14697714095604436 0.007563237756855786 -0.024745567345097606 0.03019151054139183 -0.0025484426007131135 -0.02840714510398464 0.006019243089723634 -0.02206399762084113 0.04749969789201552 0.0395483483070306 0.035722266276390614 0.05024156269546252 0.06085216969446982 0.040195877310361075 -0.08816212285724039 -0.02676715980261674
it 0.004715153144529517 0.03332447268621939 -0.03535236119587667 0.09584389644528168 -9.508377898597621E-4 0.012499995339385735 0.05369729855673274 0.06826795001460344 0.03832364560647004 -0.009559084714740476 0.02090821119836156 0.07299844734989251 0.037734660062109335 0.10193656587889234 0.13029512382443167 -0.062052218579162585 0.07044314755324464 0.0825133712799499 0.0817848620883926 -0.13842970855212172
Jeep 0.008974386188984504 0.04857063294834529 -0.03061071740466933 0.04605265751561487 0.09937540262415027 0.008040711987988862 -0.029874181531109795 0.04223320047747956 -0.05631782760741437 -0.05837041813026935 -0.09320730649384246 0.13919778788232412 0.006605871998899351 0.0839558121818431 -0.10911244800803396 -0.02755385626248673 -0.05280579996213334 0.10637852354464514 -0.002811682869943808 0.06268201259656324
market 0.009122437700452964 0.024020302915718793 -0.03681892312339531 4.8661288232361986E-4 0.05004685956098243 -0.058111344619396106 -0.23365712599175453 -0.10325954041224944 0.0041190234973677515 0.06266415504257455 -0.03454971248523716 0.004986997563563224 0.09027303593840602 -0.18537293155255255 -0.1345403810068547 0.008495132011568707 -0.04053556478667624 0.14886784820822718 -0.19536452780175617 -0.0995108608519503
by 0.006761814961120618 -0.0062974229639732185 0.024132180524269204 -0.02358654787602704 0.0032548115032434957 -0.057933722684021666 -0.14278770911706887 -0.059366539059488396 0.03163237400696652 0.04309490929505458 -0.09039814073879208 -0.035291260341035906 -0.005424852013409983 0.019378551597997385 -0.05495289126118245 -0.0582122256502711 0.06165131661037081 0.09044864052256887 0.05941627593940213 0.0031682778320567028
year 0.004542611372433191 0.05549247729277921 -0.04393249659185876 0.020468322075101908 0.03392849410250135 -1.9749140430261753E-4 -0.052776605867495996 -0.009758664799155145 -0.02124028286447649 -0.0062066598045912155 8.384134021032617E-4 0.10894298264493323 -0.044144402149527626 0.08220473955542573 -0.13509298052993457 -0.037707452687807945 -0.003855643928857338 0.14852060900612013 -0.009172268189366683 0.15421377694812188
which 0.005559075512212698 -0.07164088823933507 -0.01599561036848913 0.24157028120196355 -0.2698038210308911 -0.01173567682926879 -0.06820579898155582 0.042887938176734676 0.016888863116346416 -0.06918009051029027 -0.006446536801056984 -0.023082277677418963 0.191546136598323 0.07526929590491861 0.037985731196303024 0.03068782046403175 0.11820068220434772 0.23658452030413646 -0.08923350217856042 0.06991389263189546
he 0.005536832071604676 -0.019118478480116618 -0.0396097245210001 0.08353753894224399 -0.12578651410831426 -0.16508430648614064 0.13410295339234868 -6.913137882019056E-4 -0.17608973673830625 0.06391309605638607 0.03879056490903533 0.06418553437646604 0.03305760532352278 0.002519209873117964 -0.0944550072679835 -0.01839276396924754 0.04052939904207723 0.0708871817067677 -0.028743243830629987 -5.37112021823783E-4
Mercosur 0.005656210220732645 -0.006888763654934541 -0.11003093390591745 -0.10746148543467667 -0.045271429291639874 0.10210632455299166 -0.14541609693757043 0.345611558092615 -0.1278198958859757 0.25968790024711774 -0.028511450354127006 -0.043582601223837975 -0.07159932223509519 -0.11557724447863298 -0.03262499153811224 -0.027811936939948663 0.02977621449934867 0.04526008566563776 -0.03164505428584243 0.09129712574808
or 0.011323701839678544 -0.07242368138716694 0.040816740788619556 0.11779589636538369 -0.1749336077947816 0.014821693399939578 -0.07282191729897039 -0.026592185628682652 -0.005207237020077128 -0.03651121079161272 -0.008607520576760008 -0.0770732923620302 0.08880968410982128 0.04616616751216288 0.0025016770071346335 0.06569793177404826 0.02492962040724938 0.09644087260887292 -0.014204124912102595 3.036429442536167E-4
rates 0.014809088229076011 -0.004956825202065214 0.04912226703686078 -0.02320692701119949 -0.010795474230028591 0.03450399676542166 -0.014585922250163582 -0.0647739513605246 0.002324644941515025 -0.013957882941296849 -0.01442744982044983 -0.04178976317255025 0.011608873160075759 0.019141118207143513 0.019165145017496055 0.06908560193464568 0.023959215821104985 -0.01800475111235504 0.06795538331546463 -9.206312136449629E-4
Argentina 0.013068736617539623 -0.05655554441938232 0.08075851359624257 0.030897471935070888 0.12199607879098281 0.01914743785276092 -0.043148645751562 0.016513963729962024 -0.08241008535298856 -0.04331699843892638 -0.022133250259239193 0.03730594754947289 0.03865459656871114 0.002196792913811805 -0.00241230593838004 -0.0480615201828583 0.06841958021058893 0.0043228163194494315 -0.07433026409716059 0.14985694634672017
one 0.010687240157627575 -0.05574956597039151 0.06661917946939608 -0.04498411162276976 -0.023677862132601916 0.034091331090701935 -0.04279678487521242 -0.0842853591584524 0.0065340363722746755 -0.0068888654477724754 -0.01673597080428211 -0.0942777701149108 -0.010967834845066802 -0.019406342728362586 0.015490086627548368 0.05490660605125967 -0.04689941219955141 -0.032075957841549596 -0.04494421481298117 -0.04835641868300229
has 0.007154522069495205 -0.025006659010431823 -0.004150184208372666 -0.04109225891094853 -0.02211484563804445 -0.19435808812313105 0.020216309221896406 0.032477642818369026 0.04684455585388396 -0.0690008178637998 0.02087276537514845 -0.0628007805832672 -0.07841762739679635 0.006935619697815642 -0.025083083661066402 0.013295796806935028 0.028171918817158813 -0.08310343550905214 0.04211202636516558 -0.07334079936009963
We 0.004813272997837346 -0.05253169296777098 -0.0019976167814942628 -0.0603368678743772 -0.07058775433686651 -0.11862064678959836 0.19280452128521536 -0.29445366956621627 -0.5061554136531151 0.3406174904257882 -0.16716180497255761 0.11901187932546171 0.16597173111841973 0.053225749486009076 -0.022786362061375416 -0.059550843877303763 0.14149896977866128 -0.040773997989206404 -0.05402577667739783 -0.01913168247858308
its 0.0050128609963611655 -0.019855231389733552 0.007262862532743759 0.048203372435493365 0.09776199767272893 0.005820424165672643 0.03186829997926428 0.03193991130832235 0.04230459913918984 0.04272535023043718 -0.020272811524101982 0.07749972588297273 -0.023807355143807066 0.02449707222272455 0.026245410951199723 -0.02951057363029595 0.00641055576240298 -0.00562091401959498 0.015864759588478147 -0.009042054217932805
% 0.008362986586091178 0.10390295368105888 -0.012000039229287895 0.051330491171051054 0.03930187136776389 0.013262628480971601 0.08402234994345581 0.0495480543175225 -0.002600710023093307 0.00784082951797975 0.033742802891930414 0.04509847235740472 -0.027195406610885636 0.011781480395513529 0.1261513591109241 0.030915445686056045 0.11872234246528067 -0.14740104510869856 0.08144112655862025 0.19487945690587197
automaker 0.0073013651048146715 -0.07419327998065227 -0.03012792256458429 -0.11594860377501524 -0.0590241043494058 0.10722837563312036 -0.09888466135866929 0.18317180056564067 -0.0889664533597819 0.15411129332847717 -0.016412662203681854 -0.15034613511367056 -0.059865043505093425 -0.08146886708259247 -0.01234613486555212 0.05551412430505798 -0.0200208485501916 0.008264252645210066 -0.035012281506765545 0.043648956789442306
8 0.008599571056921468 -0.0806705531778138 0.07053495757502885 -0.05678496147110042 -0.035400432933695006 0.030098487494256313 -0.0731002901654011 -0.09623378826611739 -0.013304774381034192 -0.02167979539466961 -0.01927056062358835 -0.10681735431981648 -0.007308427986254523 -0.016217913504562864 -0.02197697769440006 0.014804683494379398 -0.07361528143406919 -0.007548980889248912 0.02174432422069758 -0.08881948025303052
investments 0.005106857940046676 -0.008312431488828903 -0.05439995841425884 -0.0604069473976471 -0.02869332264278155 -3.349929470297415E-4 0.005090574715038766 0.21068996642410415 -0.055059039715836706 0.10043952826413288 0.05401179765713374 -0.06453040365052198 -0.016971252888538894 -0.08700494738623765 0.0016577720319545318 0.014596105246899038 0.004443563277994311 0.0015346571540672633 0.018153697848036797 0.004369915177600273
Eaton 0.008973509533759964 -0.0433931538946409 0.02232561535080895 -0.030021888526630885 -0.0486166997435865 -0.07645255900973819 0.06939127369316107 -0.11507440283804629 -0.1882240097701711 0.07222738763136141 -0.025448375137919612 0.026057209868202733 -0.0067983696342010895 -0.05460591121794091 -0.03492352348945727 -0.013511100992997073 -0.033901748553612145 -0.07812447934062884 0.02070524234544143 -0.03892206607982776
South 0.0069037607037176546 -0.08608399398698485 0.06451371297862744 0.016862683192634686 0.10335572555862378 0.010837824017615596 -0.04941046153586038 0.008840732940163113 -0.05432630219054905 -0.02281859575449379 -0.026508056771691574 0.02017764936409938 0.014399713817020748 -0.0012195259553519856 1.433332080256818E-4 -0.011012698310615092 0.03970857011013434 -0.015883231334750496 -0.05710785493658145 0.089532058430933
markets 0.008460206125026081 0.055105335734237225 0.006682954037711873 -0.0011036125944422696 0.0011302503005638528 0.015172591354649143 0.03343881023581102 0.06853436445974033 0.022102860959284723 0.037267763649851494 -0.010720996261092826 0.0589603647011785 0.06744396939104334 0.032026253902135184 0.08972161137776254 -0.018601740643656262 -0.03613867943440294 -0.03750324500980269 -2.51503829702214E-4 0.025164296496655265
into 0.008355031964077213 0.012698702044584292 0.0330732201980554 -0.005164411630400148 0.0017056595344071535 0.017465557449516545 0.007205559429712142 -0.014243895065887795 0.0024472351695019904 0.008788729790423888 0.006207047239401401 0.005018235139423188 -0.022061431195783868 0.008671193788962979 -0.010626907162600691 -0.00936821172537173 0.0027067567338098456 -0.008946190701085143 -0.03569659145029516 -0.01422432690372477
Cherokees 0.008260491065192894 0.055858639355475956 0.0042429339060463325 0.027507513488115667 0.009774610980257227 0.010573020993446858 0.03414057758358119 0.007055322148021008 0.03247546287667107 0.0358485374382963 -0.004944986688078953 -0.014410972827153649 0.011842461746763882 0.03706825679238035 0.026879711808562447 0.0305249454490387 0.024239616780419762 -0.05493909930160737 -0.01244331641877038 -0.028719344448658195
interest 0.01265915695322557 0.012469349479514074 0.03460260822062063 -1.399287685002218E-4 0.014483116142659952 0.035279365261781305 0.001742110704243476 -0.02765909064410999 -0.011000525736138751 -0.018791896501186785 0.010488414325528293 -0.02671471489959785 -0.007987710621372804 0.025501245133370078 0.0553259900629115 -0.008999799309727151 -0.015014856514889305 -0.018499034766739208 0.0586728906697745 -0.07504579131411734
now 0.0023308978894962316 -0.0179132703482915 0.008069304672082155 -0.012501227101956839 -0.009359815185875437 0.0027880563960227278 -0.025176011690924354 -0.033619328135396226 0.038631570975262965 0.03999121120591206 0.004545428466600419 -0.03790077463911978 -0.0030607590980534917 0.06015612815041203 -0.04508323651848616 0.0825660334177514 0.05821789938260403 0.026546016897945245 -0.29771972517065604 -0.28857159289848755
major 0.004635662651465255 -2.2723705180734645E-4 -0.024481880823837177 -0.026138783558427005 0.0047636507251842914 0.03497205652204715 0.003961430883308165 -0.04542175360229498 0.04255567845423446 -0.06765922444308653 -0.02413307895374062 0.08783883596799465 -0.013163853496983666 0.3101340590397278 -0.16214987007221027 0.030980936743964935 -0.05736310030085942 0.13342783072326764 0.03735428506689431 0.2053996284966467
percent 0.008237182721918309 0.09958985714903057 -0.01269025871368129 0.054318743141262095 0.04287652847480711 0.013394647696672767 0.09571416173572903 0.030355249152444128 0.06537029377523429 0.06934094273508151 0.016578976247544692 0.02078718436815281 -0.05189688241874663 0.033750323078468536 -0.008380954068720529 -0.007291869042091042 0.04285994019517217 -0.05106383813870497 -0.01492956095417199 0.06821775954250443
America 0.0024176118268123483 0.027746529399268208 -0.004987032623225581 -0.03451379274717293 -0.03436401478157434 0.0024847753843080162 -0.029474666899499805 0.19688876323084833 0.011649059338720619 0.15304749315438285 -0.027768823836903513 0.06501887747224658 0.2693721158577482 0.14020648267354727 0.224907232244309 -0.2690503402750655 -0.24708411179683346 -0.2275550928463536 -0.1500833186888517 0.1300284662913699
as 0.00464528653550041 0.04708412557196583 -0.015005331115781768 0.01794660348203773 0.015760211681646 -0.06421888389520608 0.07206043920151639 0.053303625058953946 -9.300797397942656E-4 -0.01991734828789859 0.06138598250944837 0.015740953254701002 -0.010693247233783908 -0.027563809319865528 -0.016900958363699807 0.031497639689955885 -0.008054746483442565 0.0039042938694299647 0.02775313808361627 -4.3193793255643254E-4
company 0.005333698212719257 -0.05865984900376059 -0.0578291071405167 -0.09030658871991627 -0.038446893902665244 0.033645285543108555 -0.032651860077016724 0.18548502520810844 -0.09609029046952633 0.10565455567201786 0.05056783326724761 -0.15139820319452757 -0.13364720642846703 -0.13424090830030955 -0.071999927761691 0.09036326535705975 0.04756105036884304 0.06324997042997596 0.06534638191963112 0.005256244752802865
been 0.0043104901731862676 0.0051379334050784 0.009226487480479946 -0.005633739839756572 -0.008878880200392368 0.019808681384193193 0.002098522944789747 -0.015014469334365791 8.144208177695726E-5 -0.023317555082190418 0.004635743973329432 0.020365584763453258 -0.03889444269522666 0.02644283069104724 -0.03110774487385787 -0.04144585649505744 -0.017778259309506793 -0.041199941652827234 0.038524177483543254 7.897937292940162E-5
an 0.0024454754099449863 -0.028218037720622386 0.005038746691458016 -0.001050377724407995 0.007161464372717146 0.02151631383964732 -0.00985126742310781 -0.0052184930948931275 0.007127441005444173 -0.027970187411390412 -0.016367895583338454 0.0617230850359008 -0.009381886588718255 0.02711731401310407 0.049524272936120925 -0.02221974155305185 -0.06209016580668774 -0.015227876545606691 0.09751448796820822 -0.17519118182418952
; 0.010363174270551567 0.03697674966869865 0.024746163565229996 0.00979415339637189 0.012677481325923647 0.01955127678220429 0.015773862980545474 -0.011764528733549362 -0.0068139951680638525 0.0019437617730803712 0.009878078826232883 -0.012904237474932816 -0.010630098498052002 -0.010210695185423904 0.02662549774072418 0.019379849808932516 -0.00465175221221697 -0.03395934184407747 0.013013508676522999 0.004761211853431486
under 0.0024332635588833317 -0.016028830571942237 -0.007173690425840834 -0.012820760212337119 0.0069277152726649385 -0.018662831398281628 -0.0898983536003847 -0.044763663678070026 -0.001779963608818608 -0.007505873028245991 -0.006649394131072313 0.0020872981151661553 0.05559868060533554 -0.07914240471703551 -0.03608269413595644 -0.02879018668782025 -0.004313975008681158 0.05602212646673942 -0.02326171272315847 -0.007455355925051571
back 0.004416614645251449 -0.042176852995623626 0.0243050414072678 -0.032153137871905275 -0.017586682385491267 0.020742297280638405 -0.026578703753116786 -0.055455403559544814 0.010456444705938522 -0.010922245627452302 -0.012749817443382149 -0.045201312716138184 8.767306825547801E-4 0.0047931247708102205 0.0021508625600420465 0.019125344406863126 -0.035504642687373265 -0.009199033975266578 0.004134318565364324 -0.06281941835992795
fundamentals 0.006716750996911569 -0.025354632303190912 0.004979471615731242 -0.02613551512328686 0.0104018333809483 0.04489588993081965 -0.018430629720758845 0.04652069902323075 -0.026754564683992395 0.04397848103771038 0.0023102413111046787 -0.0540246801207874 -0.053425944679829265 -0.04891563340619051 0.005774811143653017 0.05263770095490648 0.03242940254548489 -7.026973937920858E-4 0.026971850390313194 -0.012829578377167944
have 0.006364707420629862 0.028263621991593775 -0.0035425734438808087 -2.4095687731900348E-4 0.006327795999240017 -0.010530533617585169 0.016145566258950063 -0.00845394488739034 0.02256578760630726 -0.022788542068088974 -0.023061934982451442 -9.880672100446187E-4 -0.055613661323830055 0.0303638897856613 0.08116463911576816 -0.0040074925726695035 0.013811765267821088 -0.006267853606272817 0.009149088326932937 0.02250143564005259
Dakota 0.002536976137676455 0.026544809431888503 -0.045695522681817625 -0.010432175475142996 0.014758028314283956 0.005537007238901499 -0.07100499981435246 0.055857579685641326 -0.03693208104513332 0.06430865159964096 0.010903140316373234 -0.011415839333009048 -0.025063684326302144 -0.01201209382454418 -0.08270072481929595 0.006398121662254256 0.0040088530810390025 0.06984504092776687 -0.011544994658032447 0.021266659792620993
stock 0.0025879154296534765 -0.02525241345709528 -0.011565836574909906 -0.06157014800376128 -0.038018163804452165 -0.006259579151055507 -0.05597925889243524 0.08817046889578681 -0.04283205341000938 0.09675105871537253 -0.06653765637782842 -0.037005427316112505 0.020766839421194783 0.01784541549531896 0.023237415842515576 -0.025584019773233223 -0.006931474946776319 -0.07348776309733855 -0.0771955549088201 0.020196848560782753
new 0.0025825035693469597 -0.03457094178592286 -0.003552643790646009 -0.002815092297932311 0.03931183201863583 -0.01418468679244694 -0.027453396060857935 -0.004639064676238334 0.004756421652978656 -0.0504738833595728 -0.033539323024487894 0.014844857727861234 -0.026757928754840725 0.12277625798787344 -0.04379548543965274 0.0341764608615155 -0.02470827170447922 0.025780907450720265 -0.06862122803818982 0.16163859458671212
since 0.006443602171627089 0.031077572899060598 -0.002272436998757006 -0.008136530889122905 0.00225956162034824 0.015224534641092788 0.004577419154033414 0.047240423327080804 0.004708392392205711 0.0312730491239885 0.0032129858382725063 0.051435089697962275 0.07152728756658573 0.056558900584240825 0.05307401849866515 -0.010670592408549964 -0.09641212270977402 -0.07437534440728194 -0.08100799898500963 -0.026860224192659658
total 6.482427319783918E-4 -0.011881249571979533 -0.05159357457259226 -0.02717938354727584 -0.016271257892422838 0.06261926403091923 -0.024375299003028005 0.16265272211014106 -0.07236417844878863 0.07857768052148753 0.012451906717787392 -0.002754300310467141 -0.1636114357736082 -0.08148721234653081 -0.12878278546540772 0.005790241611156192 0.09583351554648774 0.02365516072137535 0.03571700409684226 0.036261226742084034
United 0.004815280189789467 -0.048427028195217894 -0.010257875317168715 -0.07752019935981308 -0.03825024113764627 0.06163675834393528 -0.05713319228333855 0.10444367903042726 -0.05408200258790038 0.07330787687259335 -0.012555687654814743 -0.09443998656591278 -0.0802441224181094 -0.07157260246469574 -0.06034526789995458 0.051482055617555374 0.07031144655171219 0.04850341327463436 0.02695778909507695 0.027803352442067903
engines 0.002646623458853021 -0.02578119505400589 -0.02441464920515461 -0.04165093698938177 -0.023744613304529275 0.04584260862373408 -0.02468333128929175 0.04844646414839746 -0.02870652522783128 0.03984099688249169 -0.022403406800533574 0.020443072723653817 -0.08803871860232435 -0.01075835337432111 -0.08083250127699648 0.01018974408855651 0.08415233050441766 0.0470783843736521 0.034281034634177976 0.04328984358819489
Brazilian 6.282611328766518E-4 -0.008160928367426934 -0.054884669514491176 -0.05268209960232873 -0.028076215260772506 0.05888815222828095 -0.04330916003641291 0.19101822666518758 -0.059233749789574075 0.14525926954789642 0.020859244096061436 -0.0910249601025531 -0.02326242527645223 -0.01594264465797969 -0.013238908993303518 -0.042308245911179175 0.025602319288736856 0.011666627618348531 -0.1027321319934901 -0.040314534847129664
suppliers 0.004524909050431378 9.210188077830888E-4 -0.016309516283026883 -0.012622979216041899 -1.6201508486668692E-4 0.014971864865443637 0.017492890223727835 -0.0259725879728319 0.0333862171443398 -0.022639865657503817 -0.022921684802646284 0.03520516965328538 0.011656397759013035 0.04732093011735984 0.04447410693835184 0.03806870406355385 0.04268616015725202 0.0061112560616371145 0.05755793055806786 0.03373296312305353
we 0.008704507070334221 0.002635040370357746 0.006361021807181202 0.043491074484660185 -0.04982133691746315 -0.00994509846583174 -0.010810030771384762 -0.013626084604096039 0.017923705171458987 -0.026803581891891966 -0.024314736950782515 -0.02982733607177395 -0.02536637857448378 0.03986373122566317 0.07168934810258346 0.010467618631959323 0.018866701298914434 0.020178705521370823 -0.004096131992544789 0.024406471318126333
diesel 0.004435600837105963 3.8130187237443247E-4 -0.004788249401297465 0.0017397419083993273 0.023079616214883997 0.01830806126752576 0.0015811545069839737 0.0047844267687872566 -0.00271779727863395 -0.01053405442514389 0.01668853290191767 0.03917005354840898 0.016355553904823274 0.04635310346429289 0.020853305108602525 0.020571778333469078 -0.0752610643179299 -0.02649734200679748 -0.028516839189475215 -0.13318617424544596
small 0.006684140554500215 -0.01904077131191668 -0.001517604387209357 -0.03148644515611946 -0.003517983585569232 0.03084102538223291 -0.010152818669308524 -0.05576585020584121 0.02093102887039699 -0.05037853315313409 -0.025680860540042438 0.05474980149665476 0.011847552562761553 0.17462639097923785 -0.08738704940635238 0.0848530875483779 -0.03313881620944156 0.07508179734761825 0.04490604892279492 0.12942119021158327
trucks 0.006266740960618745 0.030479571083580796 0.006274319922751858 0.006859429387293962 0.008811816436596322 0.020211486682514775 0.009893469628139901 -0.010730898690949116 -0.011028439611751201 0.012347921852258208 0.017561983591136865 -0.05521598136431922 -0.0061006219469790035 0.03525390134788048 0.0027232285713095737 -0.03728847583054442 -0.03614204777658623 -0.05028534792876087 -0.055854142913523544 0.036161185261234206
recovery 0.004571778469523547 -9.49736234276825E-4 -0.025360581911864594 -0.029819579519102846 -0.005466588007536063 0.049443293100292975 -0.006457979257672011 0.049808558258814105 -0.02223498002096179 0.021435231415137118 0.010639251157670043 -0.022517774156622282 -0.06002948762388907 0.05488899544235625 -0.06916314194335263 0.07325957772407866 0.04707639060477594 0.06556861430368216 -0.096123599571308 -0.009875246333106276
built 0.004156517978131524 0.04690075661072678 -0.008442785800064507 0.04652462565557885 0.022721622960396922 0.00716405878462782 0.06268669194751265 0.015310529315257218 0.07855435612118578 0.09950222959876945 -0.021806629349664337 0.02765240593585091 -0.04166602656206871 -0.005740100878119033 0.00534044789085908 -0.002741230399905248 0.00366951495393785 -0.01989983794407932 -0.001022201524182878 -0.004309075799103164
also 0.004365029953999107 -0.041351946092844996 0.03323301125203632 -0.028996563260574343 -0.01601511964591154 0.015146066150567192 -0.030520819667341027 -0.03845373099407523 -0.001751951902805875 -0.015906968776027264 -0.007665025229186912 -0.030705335358117272 0.007755821474363105 0.0015432917682569232 -0.0015076590290762461 0.012652074810989703 -0.026698158701870596 0.009571108291583348 0.009598727300460175 -0.03878203666664404
growth 0.008494607925594698 0.010221160310801657 0.012653160240700807 -0.007351105446906589 0.007818972161045504 0.023967129624691216 0.0010376327784569763 -0.029071924190719318 -0.003432277820154022 -0.015210259128052154 0.01418989670920834 0.00644774166462089 0.003990960373942954 0.027487942957308126 0.001554311423489854 0.03542545899331641 -0.05619395629122704 -0.03383092960011928 -0.04797882460779456 -0.054953334005945514
after 0.008619271902403303 0.011221210642351806 0.02872713637771776 -0.0035699759200791157 8.380745291300025E-4 0.019071784850007385 0.0012249509551976064 -0.022286127645112945 -0.006349316973194344 -0.005642739953851939 0.003084187321982702 -0.026975911477748943 -0.009156867982856635 -0.003133373529991611 0.016432132730118516 0.010145920127682883 -0.0020218727138977656 -0.019624804880576288 0.010212375415807029 -0.003251618817564107
were 0.004568821370887844 0.007204891464754317 0.021084444819014773 -0.021541216195877646 -0.01799925002181447 -0.0012936206169985988 -0.017681204381410316 0.04957128777651875 0.010223381551976536 0.03674588943978828 -0.019708054086831503 0.0141267423216024 0.06854673803899501 0.026965030326758108 0.031793020778625836 -0.04151788727698373 -0.041187849842831206 -0.06262586817731652 -0.022048489791672475 0.0179401082980552
up 0.004217797829079792 0.0520481390657251 -0.009149014816167889 0.02632478577922333 0.017501478873619466 0.00690481077635316 0.04308551916582233 0.020473487798288954 0.009479710797292127 0.005208774416754401 0.01674128267891216 0.010459760243385723 -0.010672182160608517 0.011564692710422955 0.04745787440195115 -0.004238609164010008 0.02811378410008901 -0.029746405166707665 -0.005109728048758869 -0.025570787561828658
first 4.324981682350735E-4 -0.007099278187235077 -0.028992075805898868 -0.030559137991614572 -0.01626343672824437 0.02908924928262152 -0.015709417100963723 0.12037999094764332 0.008409285889030739 0.12747552028679932 -0.029069186722762045 -0.01816957431664664 0.021405479945883772 -0.02921311908308753 0.032115004350705655 -0.0013240461325449268 -0.050899405615783266 -0.011191317599334068 -0.01722758149741471 0.05033543064228211
Paraguay 4.7693847407593144E-4 -0.013405639203718412 -0.01341888104632666 0.1126970638937236 -0.09410339165090538 -0.012597510462824271 -0.017324222802798415 0.04166653837645774 0.0035681233333780425 -0.010161100385164986 0.002783618321355096 0.003481838273241071 0.07356038829895552 0.03833999024636247 0.011399435209663406 0.032838337888903016 0.03217142328485077 0.07753133903794389 -0.0207546132462788 0.00944026704309164
Inc. 0.00834123087329352 0.010859236105501754 0.027800454559081707 -0.0034548154065281774 8.110398669000067E-4 0.018456565983878116 0.0011854364082557484 -0.021567220301722215 -0.006144500296639685 -0.005460716084372836 0.002984697408370359 -0.026105720784918345 -0.008861485144699971 -0.0030322969645080137 0.01590206393237276 0.009818632381628604 -0.0019566510134494505 -0.018991746658622216 0.009882943950780992 -0.0031467278879652606
record 0.0023899052445483186 -0.026193073199558808 0.0018111333279627938 -0.001975050637094281 0.006663940641269863 0.014479944609464565 0.020879248779909602 -0.04386692147086923 0.09365139528136901 0.07378171166489746 -0.041274297373110065 0.00966902257299503 -0.03494460392888413 0.05619766557293498 -0.08678882042009779 0.03135267434977324 -0.0611121237214205 0.048911332918586126 -7.60069422818751E-4 0.09423220574098513
grow 0.004552254747004336 -0.04464526686127576 0.010160472143417101 -0.03491262572173087 -0.01772518396573583 0.024717643052223594 -0.009046083358689382 -0.08356291222827361 0.06772917093930093 -0.005833582099496362 -0.021071379342219077 -0.03938783533993271 0.050321221591237995 -0.1244136612077257 -0.014086411557571156 -0.05024802170168078 -0.02101422662706158 0.023978166482965503 -0.05228345448516709 0.012034854636651843
investment 2.355106092443586E-4 0.005347205988798878 -0.010671971911562958 0.0025437253626833588 0.01244296339575417 -0.043117305986184316 -0.08462583873537528 -0.0011943866185683536 7.973181485649187E-4 0.01811973273427481 -0.005233309820315823 0.004210585120895937 0.042431139462921395 -0.021708075618699516 -0.09663893842595787 0.02211379158851953 0.010793620670584276 0.00644673390257936 0.011558248120237142 0.021571504543707404
economy 1.5508146732901704E-4 -0.0019695340981435746 -0.010434562445870755 -0.0029603566107638574 -0.008296198767558799 0.011232124262937826 0.006074241156556631 -0.00872316632072901 0.011640326802974174 -0.016745191413511138 -0.015386609034044253 0.047098552920260495 -0.02199948522929134 -0.008960233068978134 0.006036258973210234 -0.0012166799885168914 -0.019917988437104295 -0.02632937668090875 0.040170856046055185 -0.010795803194853652
trying 0.002076380520660382 0.02333421124685834 -0.004712583417000727 0.015387473080621277 0.016917244703239718 0.0039203243341804795 0.01965480571143578 0.01472875878277126 0.0018154334357240952 -0.004789506108350252 0.009395480516083222 0.017075774473623153 -0.0026861994995666352 0.027082885283582995 0.02243578359858676 -0.0032988575334082686 0.016081514934957214 0.0019542989451657266 0.022905534710175035 -0.02235731899672756
: 0.004308138475889752 0.00648125839913649 0.018013251990639086 -0.023023374609932968 -0.016550408187538397 -2.685875330098696E-4 -0.01476888814730763 0.04909066187322097 0.011275816424731158 0.033953165094369686 -0.0243879111422599 0.02688807660798678 0.05933393158413112 0.02513314897393619 0.0511255376323491 -0.036169461594642176 -0.03471386603991399 -0.047132204962171124 -0.022738836959124552 -2.69540737897742E-4
assembly 0.0047080780331915165 -0.0035681195135570786 -0.02280830902388047 -0.02512525107145568 -0.007464209288877278 -0.028390560822461056 0.02365957481293621 0.08203412703248714 -0.034730871578784704 0.023022586310550604 0.0513179945028851 -0.05666693866774496 -0.053905154453567986 -0.06282838705220019 -0.029244083370409707 0.03967301735335993 -0.0020751569924452777 0.013222997756818632 0.03178527495718289 -0.0030692126952545605
